1 1 1 1 1 1 1 1 1 1 1 1 1 1 1 3 1 7 1 1 1 1 1 1 1 1 1 1 1 1 1 1 3 1 1 1 1 1 1 1 1 1 1 1 1 3 1 1 1 1 6 6 6 6 6 6 6 6 6 6 6 6 6 6 1 1 1 1 1 1 1 1 1 1 1 1 1 1 1 1 1 1 1 1 1 1 1 3 1 1 1 1 2 2 2 2 2 2 2 2 2 7 7 7 7 7 7 7 7 8 8 8 8 8 8 8 8 8 8 8 8 8 8 8 8 8 8 8 8 8 8 8 8 8 8 8 8 8 8 8 8 8 8 8 8 8 8 8 8 8 8 8 5 5 5 5 5 5 5 5 5 5 4 4 4 4 4 4 4 4 4 4 10 4 10 4 4 4 4 4 4 4 4 4 4 4 4 4 4 4 4 4 5 5 5 5 5 5 5 5 5 5 5 5 10 9 9 10 10 9 9 9 10 9 10 10 10 8 10 10 9 10 10 10 10 10 10 10 7 9 10 10 10 10 9 10 10 10 10 10 9 10 9 9 10 10 9 9 10 9 10 9 10 10 9 9 9 9 9 9 9 9 9 9 7 7 7 7
1 1 1 1 1 1 1 1 1 1 1 1 1 1 1 3 1 7 1 1 1 1 1 1 1 1 1 1 1 1 1 1 3 1 1 1 1 1 1 1 1 1 1 1 1 3 1 1 1 1 6 6 6 6 6 6 6 6 6 6 6 6 6 6 1 1 1 1 1 1 1 1 1 1 1 1 1 1 1 1 1 1 1 1 1 1 1 3 1 1 1 1 2 2 2 2 2 2 2 2 2 7 7 7 7 7 7 7 7 8 8 8 8 8 8 8 8 8 8 8 8 8 8 8 8 8 8 8 8 8 8 8 8 8 8 8 8 8 8 8 8 8 8 8 8 8 8 8 8 8 8 8 5 5 5 5 5 5 5 5 5 5 4 4 4 4 4 4 4 4 4 4 10 4 10 4 4 4 4 4 4 4 4 4 4 4 4 4 4 4 4 4 5 5 5 5 5 5 5 5 5 5 5 5 10 9 9 10 10 9 9 9 10 9 10 10 10 8 10 10 9 10 10 10 10 10 10 10 7 9 10 10 10 10 9 10 10 10 10 10 9 10 9 9 10 10 9 9 10 9 10 9 10 10 9 9 9 9 9 9 9 9 9 9 7 7 7 7
1 1 1 1 1 1 1 1 1 1 1 1 1 1 1 4 1 7 1 1 1 1 1 1 1 1 1 1 1 1 1 1 4 1 1 1 1 1 1 1 1 1 1 1 1 4 1 1 1 1 6 6 6 6 6 6 6 6 6 6 6 6 6 6 1 1 1 1 1 1 1 1 1 1 1 1 1 1 1 1 1 1 1 1 1 1 1 4 1 1 1 1 3 3 3 3 3 3 3 3 3 7 7 7 7 7 7 7 7 8 8 8 8 8 8 8 8 8 8 8 8 8 8 8 8 8 8 8 8 8 8 8 8 8 8 8 8 8 8 8 8 8 8 8 8 8 8 8 8 8 8 8 5 5 5 5 5 5 5 5 5 5 2 2 2 2 2 2 2 2 2 2 10 2 10 2 2 2 2 2 2 2 2 2 2 2 2 2 2 2 2 2 5 5 5 5 5 5 5 5 5 5 5 5 10 9 9 10 10 9 9 9 10 9 10 10 10 8 10 10 9 10 10 10 10 10 10 10 7 9 10 10 10 10 9 10 10 10 10 10 9 10 9 9 10 10 9 9 10 9 10 9 10 10 9 9 9 9 9 9 9 9 9 9 7 7 7 7
1 1 1 1 1 1 1 1 1 1 1 1 1 1 1 4 1 7 1 1 1 1 1 1 1 1 1 1 1 1 1 1 4 1 1 1 1 1 1 1 1 1 1 1 1 4 1 1 1 1 6 6 6 6 6 6 6 6 6 6 6 6 6 6 1 1 1 1 1 1 1 1 1 1 1 1 1 1 1 1 1 1 1 1 1 1 1 4 1 1 1 1 3 3 3 3 3 3 3 3 3 7 7 7 7 7 7 7 7 8 8 8 8 8 8 8 8 8 8 8 8 8 8 8 8 8 8 8 8 8 8 8 8 8 8 8 8 8 8 8 8 8 8 8 8 8 8 8 8 8 8 8 5 5 5 5 5 5 5 5 5 5 2 2 2 2 2 2 2 2 2 2 10 2 10 2 2 2 2 2 2 2 2 2 2 2 2 2 2 2 2 2 5 5 5 5 5 5 5 5 5 5 5 5 10 9 9 10 10 9 9 9 10 9 10 10 10 8 10 10 9 10 10 10 10 10 10 10 7 9 10 10 10 10 9 10 10 10 10 10 9 10 9 9 10 10 9 9 10 9 10 9 10 10 9 9 9 9 9 9 9 9 9 9 7 7 7 7
1 1 1 1 1 1 1 1 1 1 1 1 1 1 1 7 1 10 1 1 1 1 1 1 1 1 1 1 1 1 1 1 7 1 1 1 1 1 1 1 1 1 1 1 1 7 1 1 1 1 9 9 9 9 9 9 9 9 9 9 9 9 9 9 1 1 1 1 1 1 1 1 1 1 1 1 1 1 1 1 1 1 1 1 1 1 1 7 1 1 1 1 6 6 6 6 6 6 6 6 6 10 10 10 10 10 10 10 10 4 4 4 4 4 4 4 4 4 4 4 4 4 4 4 4 4 4 4 4 4 4 4 4 4 4 4 4 4 4 4 4 4 4 4 4 4 4 4 4 4 4 4 8 8 8 8 8 8 8 8 8 8 5 5 5 5 5 5 5 5 5 5 3 5 3 5 5 5 5 5 5 5 5 5 5 5 5 5 5 5 5 5 8 8 8 8 8 8 8 8 8 8 8 8 3 2 2 3 3 2 2 2 3 2 3 3 3 4 3 3 2 3 3 3 3 3 3 3 10 2 3 3 3 3 2 3 3 3 3 3 2 3 2 2 3 3 2 2 3 2 3 2 3 3 2 2 2 2 2 2 2 2 2 2 10 10 10 10
1 1 1 1 1 1 1 1 1 1 1 1 1 1 1 4 1 6 1 1 1 1 1 1 1 1 1 1 1 1 1 1 4 1 1 1 1 1 1 1 1 1 1 1 1 4 1 1 1 1 5 5 5 5 5 5 5 5 5 5 5 5 5 5 1 1 1 1 1 1 1 1 1 1 1 1 1 1 1 1 1 1 1 1 1 1 1 4 1 1 1 1 4 4 4 4 4 4 4 4 4 6 6 6 6 6 6 6 6 8 8 8 8 7 7 7 8 7 8 8 8 8 8 8 7 8 8 8 8 7 7 7 7 7 7 7 8 7 7 8 7 8 7 7 7 8 8 8 8 7 8 8 3 3 3 3 3 3 3 3 3 3 2 2 2 2 2 2 2 2 2 2 10 2 10 2 2 2 2 2 2 2 2 2 2 2 2 2 2 2 2 2 3 3 3 3 3 3 3 3 3 3 3 3 10 9 9 10 10 9 9 9 10 9 10 10 10 8 10 10 9 10 10 10 10 10 10 10 6 9 10 10 10 10 9 10 10 10 10 10 9 10 9 9 10 10 9 9 10 9 10 9 10 10 9 9 9 9 9 9 9 9 9 9 6 6 6 6
1 1 1 1 1 1 1 1 1 1 1 1 1 1 1 4 1 7 1 1 1 1 1 1 1 1 1 1 1 1 1 1 4 1 1 1 1 1 1 1 1 1 1 1 1 4 1 1 1 1 6 6 6 6 6 6 6 6 6 6 6 6 6 6 1 1 1 1 1 1 1 1 1 1 1 1 1 1 1 1 1 1 1 1 1 1 1 4 1 1 1 1 3 3 3 3 3 3 3 3 3 7 7 7 7 7 7 7 7 8 8 8 8 8 8 8 8 8 8 8 8 8 8 8 8 8 8 8 8 8 8 8 8 8 8 8 8 8 8 8 8 8 8 8 8 8 8 8 8 8 8 8 5 5 5 5 5 5 5 5 5 5 2 2 2 2 2 2 2 2 2 2 10 2 10 2 2 2 2 2 2 2 2 2 2 2 2 2 2 2 2 2 5 5 5 5 5 5 5 5 5 5 5 5 10 9 9 10 10 9 9 9 10 9 10 10 10 8 10 10 9 10 10 10 10 10 10 10 7 9 10 10 10 10 9 10 10 10 10 10 9 10 9 9 10 10 9 9 10 9 10 9 10 10 9 9 9 9 9 9 9 9 9 9 7 7 7 7
1 1 1 1 1 1 1 1 1 1 1 1 1 1 1 3 1 7 1 1 1 1 1 1 1 1 1 1 1 1 1 1 3 1 1 1 1 1 1 1 1 1 1 1 1 3 1 1 1 1 6 6 6 6 6 6 6 6 6 6 6 6 6 6 1 1 1 1 1 1 1 1 1 1 1 1 1 1 1 1 1 1 1 1 1 1 1 3 1 1 1 1 2 2 2 2 2 2 2 2 2 7 7 7 7 7 7 7 7 8 8 8 8 8 8 8 8 8 8 8 8 8 8 8 8 8 8 8 8 8 8 8 8 8 8 8 8 8 8 8 8 8 8 8 8 8 8 8 8 8 8 8 5 5 5 5 5 5 5 5 5 5 4 4 4 4 4 4 4 4 4 4 10 4 10 4 4 4 4 4 4 4 4 4 4 4 4 4 4 4 4 4 5 5 5 5 5 5 5 5 5 5 5 5 10 9 9 10 10 9 9 9 10 9 10 10 10 8 10 10 9 10 10 10 10 10 10 10 7 9 10 10 10 10 9 10 10 10 10 10 9 10 9 9 10 10 9 9 10 9 10 9 10 10 9 9 9 9 9 9 9 9 9 9 7 7 7 7
1 1 1 1 1 1 1 1 1 1 1 1 1 1 1 5 1 7 1 1 1 1 1 1 1 1 1 1 1 1 1 1 5 1 1 1 1 1 1 1 1 1 1 1 1 5 1 1 1 1 6 6 6 6 6 6 6 6 6 6 6 6 6 6 1 1 1 1 1 1 1 1 1 1 1 1 1 1 1 1 1 1 1 1 1 1 1 5 1 1 1 1 4 4 4 4 4 4 4 4 4 7 7 7 7 7 7 7 7 8 8 8 8 8 8 8 8 8 8 8 8 8 8 8 8 8 8 8 8 8 8 8 8 8 8 8 8 8 8 8 8 8 8 8 8 8 8 8 8 8 8 8 3 3 3 3 3 3 3 3 3 3 2 2 2 2 2 2 2 2 2 2 10 2 10 2 2 2 2 2 2 2 2 2 2 2 2 2 2 2 2 2 3 3 3 3 3 3 3 3 3 3 3 3 10 9 9 10 10 9 9 9 10 9 10 10 10 8 10 10 9 10 10 10 10 10 10 10 7 9 10 10 10 10 9 10 10 10 10 10 9 10 9 9 10 10 9 9 10 9 10 9 10 10 9 9 9 9 9 9 9 9 9 9 7 7 7 7
1 1 1 1 1 1 1 1 1 1 1 1 1 1 1 8 1 10 1 1 1 1 1 1 1 1 1 1 1 1 1 1 8 1 1 1 1 1 1 1 1 1 1 1 1 8 1 1 1 1 9 9 9 9 9 9 9 9 9 9 9 9 9 9 1 1 1 1 1 1 1 1 1 1 1 1 1 1 1 1 1 1 1 1 1 1 1 8 1 1 1 1 7 7 7 7 7 7 7 7 7 10 10 10 10 10 10 10 10 3 3 3 3 3 3 3 3 3 3 3 3 3 3 3 3 3 3 3 3 3 3 3 3 3 3 3 3 3 3 3 3 3 3 3 3 3 3 3 3 3 3 3 6 6 6 6 6 6 6 6 6 6 5 5 5 5 5 5 5 5 5 5 4 5 4 5 5 5 5 5 5 5 5 5 5 5 5 5 5 5 5 5 6 6 6 6 6 6 6 6 6 6 6 6 2 2 2 2 2 2 2 2 2 2 2 2 2 3 2 2 2 2 2 2 2 2 2 2 10 2 2 2 2 2 2 2 2 2 2 2 2 2 2 2 2 2 2 2 2 2 2 2 2 2 2 2 2 2 2 2 2 2 2 2 10 10 10 10
1 1 1 1 1 1 1 1 1 1 1 1 1 1 1 5 1 7 1 1 1 1 1 1 1 1 1 1 1 1 1 1 5 1 1 1 1 1 1 1 1 1 1 1 1 5 1 1 1 1 6 6 6 6 6 6 6 6 6 6 6 6 6 6 1 1 1 1 1 1 1 1 1 1 1 1 1 1 1 1 1 1 1 1 1 1 1 5 1 1 1 1 4 4 4 4 4 4 4 4 4 7 7 7 7 7 7 7 7 8 8 8 8 8 8 8 8 8 8 8 8 8 8 8 8 8 8 8 8 8 8 8 8 8 8 8 8 8 8 8 8 8 8 8 8 8 8 8 8 8 8 8 3 3 3 3 3 3 3 3 3 3 2 2 2 2 2 2 2 2 2 2 10 2 10 2 2 2 2 2 2 2 2 2 2 2 2 2 2 2 2 2 3 3 3 3 3 3 3 3 3 3 3 3 10 9 9 10 10 9 9 9 10 9 10 10 10 8 10 10 9 10 10 10 10 10 10 10 7 9 10 10 10 10 9 10 10 10 10 10 9 10 9 9 10 10 9 9 10 9 10 9 10 10 9 9 9 9 9 9 9 9 9 9 7 7 7 7
1 1 1 1 1 1 1 1 1 1 1 1 1 1 1 7 1 10 1 1 1 1 1 1 1 1 1 1 1 1 1 1 7 1 1 1 1 1 1 1 1 1 1 1 1 7 1 1 1 1 9 9 9 9 9 9 9 9 9 9 9 9 9 9 1 1 1 1 1 1 1 1 1 1 1 1 1 1 1 1 1 1 1 1 1 1 1 7 1 1 1 1 6 6 6 6 6 6 6 6 6 10 10 10 10 10 10 10 10 4 4 4 4 4 4 4 4 4 4 4 4 4 4 4 4 4 4 4 4 4 4 4 4 4 4 4 4 4 4 4 4 4 4 4 4 4 4 4 4 4 4 4 8 8 8 8 8 8 8 8 8 8 5 5 5 5 5 5 5 5 5 5 2 5 2 5 5 5 5 5 5 5 5 5 5 5 5 5 5 5 5 5 8 8 8 8 8 8 8 8 8 8 8 8 3 3 3 3 3 3 3 3 3 3 3 3 3 4 3 3 3 3 3 3 3 3 3 3 10 3 3 3 3 3 3 3 3 3 3 3 3 3 3 3 3 3 3 3 3 3 3 3 3 3 3 3 3 3 3 3 3 3 3 3 10 10 10 10
1 1 1 1 1 1 1 1 1 1 1 1 1 1 1 4 1 7 1 1 1 1 1 1 1 1 1 1 1 1 1 1 4 1 1 1 1 1 1 1 1 1 1 1 1 4 1 1 1 1 6 6 6 6 6 6 6 6 6 6 6 6 6 6 1 1 1 1 1 1 1 1 1 1 1 1 1 1 1 1 1 1 1 1 1 1 1 4 1 1 1 1 3 3 3 3 3 3 3 3 3 7 7 7 7 7 7 7 7 8 8 8 8 8 8 8 8 8 8 8 8 8 8 8 8 8 8 8 8 8 8 8 8 8 8 8 8 8 8 8 8 8 8 8 8 8 8 8 8 8 8 8 5 5 5 5 5 5 5 5 5 5 2 2 2 2 2 2 2 2 2 2 10 2 10 2 2 2 2 2 2 2 2 2 2 2 2 2 2 2 2 2 5 5 5 5 5 5 5 5 5 5 5 5 10 9 9 10 10 9 9 9 10 9 10 10 10 8 10 10 9 10 10 10 10 10 10 10 7 9 10 10 10 10 9 10 10 10 10 10 9 10 9 9 10 10 9 9 10 9 10 9 10 10 9 9 9 9 9 9 9 9 9 9 7 7 7 7
1 1 1 1 1 1 1 1 1 1 1 1 1 1 1 5 1 7 1 1 1 1 1 1 1 1 1 1 1 1 1 1 5 1 1 1 1 1 1 1 1 1 1 1 1 5 1 1 1 1 6 6 6 6 6 6 6 6 6 6 6 6 6 6 1 1 1 1 1 1 1 1 1 1 1 1 1 1 1 1 1 1 1 1 1 1 1 5 1 1 1 1 4 4 4 4 4 4 4 4 4 7 7 7 7 7 7 7 7 8 8 8 8 8 8 8 8 8 8 8 8 8 8 8 8 8 8 8 8 8 8 8 8 8 8 8 8 8 8 8 8 8 8 8 8 8 8 8 8 8 8 8 3 3 3 3 3 3 3 3 3 3 2 2 2 2 2 2 2 2 2 2 10 2 10 2 2 2 2 2 2 2 2 2 2 2 2 2 2 2 2 2 3 3 3 3 3 3 3 3 3 3 3 3 10 9 9 10 10 9 9 9 10 9 10 10 10 8 10 10 9 10 10 10 10 10 10 10 7 9 10 10 10 10 9 10 10 10 10 10 9 10 9 9 10 10 9 9 10 9 10 9 10 10 9 9 9 9 9 9 9 9 9 9 7 7 7 7
1 1 1 1 1 1 1 1 1 1 1 1 1 1 1 3 1 7 1 1 1 1 1 1 1 1 1 1 1 1 1 1 3 1 1 1 1 1 1 1 1 1 1 1 1 3 1 1 1 1 6 6 6 6 6 6 6 6 6 6 6 6 6 6 1 1 1 1 1 1 1 1 1 1 1 1 1 1 1 1 1 1 1 1 1 1 1 3 1 1 1 1 2 2 2 2 2 2 2 2 2 7 7 7 7 7 7 7 7 8 8 8 8 8 8 8 8 8 8 8 8 8 8 8 8 8 8 8 8 8 8 8 8 8 8 8 8 8 8 8 8 8 8 8 8 8 8 8 8 8 8 8 5 5 5 5 5 5 5 5 5 5 4 4 4 4 4 4 4 4 4 4 10 4 10 4 4 4 4 4 4 4 4 4 4 4 4 4 4 4 4 4 5 5 5 5 5 5 5 5 5 5 5 5 10 9 9 10 10 9 9 9 10 9 10 10 10 8 10 10 9 10 10 10 10 10 10 10 7 9 10 10 10 10 9 10 10 10 10 10 9 10 9 9 10 10 9 9 10 9 10 9 10 10 9 9 9 9 9 9 9 9 9 9 7 7 7 7
1 1 1 1 1 1 1 1 1 1 1 1 1 1 1 4 1 7 1 1 1 1 1 1 1 1 1 1 1 1 1 1 4 1 1 1 1 1 1 1 1 1 1 1 1 4 1 1 1 1 6 6 6 6 6 6 6 6 6 6 6 6 6 6 1 1 1 1 1 1 1 1 1 1 1 1 1 1 1 1 1 1 1 1 1 1 1 4 1 1 1 1 3 3 3 3 3 3 3 3 3 7 7 7 7 7 7 7 7 8 8 8 8 8 8 8 8 8 8 8 8 8 8 8 8 8 8 8 8 8 8 8 8 8 8 8 8 8 8 8 8 8 8 8 8 8 8 8 8 8 8 8 5 5 5 5 5 5 5 5 5 5 2 2 2 2 2 2 2 2 2 2 10 2 10 2 2 2 2 2 2 2 2 2 2 2 2 2 2 2 2 2 5 5 5 5 5 5 5 5 5 5 5 5 10 9 9 10 10 9 9 9 10 9 10 10 10 8 10 10 9 10 10 10 10 10 10 10 7 9 10 10 10 10 9 10 10 10 10 10 9 10 9 9 10 10 9 9 10 9 10 9 10 10 9 9 9 9 9 9 9 9 9 9 7 7 7 7
1 1 1 1 1 1 1 1 1 1 1 1 1 1 1 3 1 7 1 1 1 1 1 1 1 1 1 1 1 1 1 1 3 1 1 1 1 1 1 1 1 1 1 1 1 3 1 1 1 1 6 6 6 6 6 6 6 6 6 6 6 6 6 6 1 1 1 1 1 1 1 1 1 1 1 1 1 1 1 1 1 1 1 1 1 1 1 3 1 1 1 1 2 2 2 2 2 2 2 2 2 7 7 7 7 7 7 7 7 8 8 8 8 8 8 8 8 8 8 8 8 8 8 8 8 8 8 8 8 8 8 8 8 8 8 8 8 8 8 8 8 8 8 8 8 8 8 8 8 8 8 8 5 5 5 5 5 5 5 5 5 5 4 4 4 4 4 4 4 4 4 4 10 4 10 4 4 4 4 4 4 4 4 4 4 4 4 4 4 4 4 4 5 5 5 5 5 5 5 5 5 5 5 5 10 9 9 10 10 9 9 9 10 9 10 10 10 8 10 10 9 10 10 10 10 10 10 10 7 9 10 10 10 10 9 10 10 10 10 10 9 10 9 9 10 10 9 9 10 9 10 9 10 10 9 9 9 9 9 9 9 9 9 9 7 7 7 7
1 1 1 1 1 1 1 1 1 1 1 1 1 1 1 3 1 7 1 1 1 1 1 1 1 1 1 1 1 1 1 1 3 1 1 1 1 1 1 1 1 1 1 1 1 3 1 1 1 1 6 6 6 6 6 6 6 6 6 6 6 6 6 6 1 1 1 1 1 1 1 1 1 1 1 1 1 1 1 1 1 1 1 1 1 1 1 3 1 1 1 1 2 2 2 2 2 2 2 2 2 7 7 7 7 7 7 7 7 8 8 8 8 8 8 8 8 8 8 8 8 8 8 8 8 8 8 8 8 8 8 8 8 8 8 8 8 8 8 8 8 8 8 8 8 8 8 8 8 8 8 8 5 5 5 5 5 5 5 5 5 5 4 4 4 4 4 4 4 4 4 4 10 4 10 4 4 4 4 4 4 4 4 4 4 4 4 4 4 4 4 4 5 5 5 5 5 5 5 5 5 5 5 5 10 9 9 10 10 9 9 9 10 9 10 10 10 8 10 10 9 10 10 10 10 10 10 10 7 9 10 10 10 10 9 10 10 10 10 10 9 10 9 9 10 10 9 9 10 9 10 9 10 10 9 9 9 9 9 9 9 9 9 9 7 7 7 7
1 1 1 1 1 1 1 1 1 1 1 1 1 1 1 4 1 7 1 1 1 1 1 1 1 1 1 1 1 1 1 1 4 1 1 1 1 1 1 1 1 1 1 1 1 4 1 1 1 1 6 6 6 6 6 6 6 6 6 6 6 6 6 6 1 1 1 1 1 1 1 1 1 1 1 1 1 1 1 1 1 1 1 1 1 1 1 4 1 1 1 1 3 3 3 3 3 3 3 3 3 7 7 7 7 7 7 7 7 8 8 8 8 8 8 8 8 8 8 8 8 8 8 8 8 8 8 8 8 8 8 8 8 8 8 8 8 8 8 8 8 8 8 8 8 8 8 8 8 8 8 8 5 5 5 5 5 5 5 5 5 5 2 2 2 2 2 2 2 2 2 2 10 2 10 2 2 2 2 2 2 2 2 2 2 2 2 2 2 2 2 2 5 5 5 5 5 5 5 5 5 5 5 5 10 9 9 10 10 9 9 9 10 9 10 10 10 8 10 10 9 10 10 10 10 10 10 10 7 9 10 10 10 10 9 10 10 10 10 10 9 10 9 9 10 10 9 9 10 9 10 9 10 10 9 9 9 9 9 9 9 9 9 9 7 7 7 7
1 1 1 1 1 1 1 1 1 1 1 1 1 1 1 8 1 10 1 1 1 1 1 1 1 1 1 1 1 1 1 1 8 1 1 1 1 1 1 1 1 1 1 1 1 8 1 1 1 1 9 9 9 9 9 9 9 9 9 9 9 9 9 9 1 1 1 1 1 1 1 1 1 1 1 1 1 1 1 1 1 1 1 1 1 1 1 8 1 1 1 1 7 7 7 7 7 7 7 7 7 10 10 10 10 10 10 10 10 4 4 4 4 4 4 4 4 4 4 4 4 4 4 4 4 4 4 4 4 4 4 4 4 4 4 4 4 4 4 4 4 4 4 4 4 4 4 4 4 4 4 4 6 6 6 6 6 6 6 6 6 6 5 5 5 5 5 5 5 5 5 5 3 5 3 5 5 5 5 5 5 5 5 5 5 5 5 5 5 5 5 5 6 6 6 6 6 6 6 6 6 6 6 6 3 2 2 3 3 2 2 2 3 2 3 3 3 4 3 3 2 3 3 3 3 3 3 3 10 2 3 3 3 3 2 3 3 3 3 3 2 3 2 2 3 3 2 2 3 2 3 2 3 3 2 2 2 2 2 2 2 2 2 2 10 10 10 10
1 1 1 1 1 1 1 1 1 1 1 1 1 1 1 7 1 10 1 1 1 1 1 1 1 1 1 1 1 1 1 1 7 1 1 1 1 1 1 1 1 1 1 1 1 7 1 1 1 1 9 9 9 9 9 9 9 9 9 9 9 9 9 9 1 1 1 1 1 1 1 1 1 1 1 1 1 1 1 1 1 1 1 1 1 1 1 7 1 1 1 1 6 6 6 6 6 6 6 6 6 10 10 10 10 10 10 10 10 4 4 4 4 4 4 4 4 4 4 4 4 4 4 4 4 4 4 4 4 4 4 4 4 4 4 4 4 4 4 4 4 4 4 4 4 4 4 4 4 4 4 4 8 8 8 8 8 8 8 8 8 8 5 5 5 5 5 5 5 5 5 5 3 5 3 5 5 5 5 5 5 5 5 5 5 5 5 5 5 5 5 5 8 8 8 8 8 8 8 8 8 8 8 8 3 2 2 3 3 2 2 2 3 2 3 3 3 4 3 3 2 3 3 3 3 3 3 3 10 2 3 3 3 3 2 3 3 3 3 3 2 3 2 2 3 3 2 2 3 2 3 2 3 3 2 2 2 2 2 2 2 2 2 2 10 10 10 10
1 1 1 1 1 1 1 1 1 1 1 1 1 1 1 5 1 7 1 1 1 1 1 1 1 1 1 1 1 1 1 1 5 1 1 1 1 1 1 1 1 1 1 1 1 5 1 1 1 1 6 6 6 6 6 6 6 6 6 6 6 6 6 6 1 1 1 1 1 1 1 1 1 1 1 1 1 1 1 1 1 1 1 1 1 1 1 5 1 1 1 1 4 4 4 4 4 4 4 4 4 7 7 7 7 7 7 7 7 8 8 8 8 8 8 8 8 8 8 8 8 8 8 8 8 8 8 8 8 8 8 8 8 8 8 8 8 8 8 8 8 8 8 8 8 8 8 8 8 8 8 8 3 3 3 3 3 3 3 3 3 3 2 2 2 2 2 2 2 2 2 2 10 2 10 2 2 2 2 2 2 2 2 2 2 2 2 2 2 2 2 2 3 3 3 3 3 3 3 3 3 3 3 3 10 9 9 10 10 9 9 9 10 9 10 10 10 8 10 10 9 10 10 10 10 10 10 10 7 9 10 10 10 10 9 10 10 10 10 10 9 10 9 9 10 10 9 9 10 9 10 9 10 10 9 9 9 9 9 9 9 9 9 9 7 7 7 7
1 1 1 1 1 1 1 1 1 1 1 1 1 1 1 3 1 10 1 1 1 1 1 1 1 1 1 1 1 1 1 1 3 1 1 1 1 1 1 1 1 1 1 1 1 3 1 1 1 1 9 9 9 9 9 9 9 9 9 9 9 9 9 9 1 1 1 1 1 1 1 1 1 1 1 1 1 1 1 1 1 1 1 1 1 1 1 3 1 1 1 1 2 2 2 2 2 2 2 2 2 10 10 10 10 10 10 10 10 6 6 6 6 6 6 6 6 6 6 6 6 6 6 6 6 6 6 6 6 6 6 6 6 6 6 6 6 6 6 6 6 6 6 6 6 6 6 6 6 6 6 6 8 8 8 8 8 8 8 8 8 8 7 7 7 7 7 7 7 7 7 7 5 7 5 7 7 7 7 7 7 7 7 7 7 7 7 7 7 7 7 7 8 8 8 8 8 8 8 8 8 8 8 8 5 4 4 5 5 4 4 4 5 4 5 5 5 6 5 5 4 5 5 5 5 5 5 5 10 4 5 5 5 5 4 5 5 5 5 5 4 5 4 4 5 5 4 4 5 4 5 4 5 5 4 4 4 4 4 4 4 4 4 4 10 10 10 10
1 1 1 1 1 1 1 1 1 1 1 1 1 1 1 4 1 7 1 1 1 1 1 1 1 1 1 1 1 1 1 1 4 1 1 1 1 1 1 1 1 1 1 1 1 4 1 1 1 1 6 6 6 6 6 6 6 6 6 6 6 6 6 6 1 1 1 1 1 1 1 1 1 1 1 1 1 1 1 1 1 1 1 1 1 1 1 4 1 1 1 1 3 3 3 3 3 3 3 3 3 7 7 7 7 7 7 7 7 8 8 8 8 8 8 8 8 8 8 8 8 8 8 8 8 8 8 8 8 8 8 8 8 8 8 8 8 8 8 8 8 8 8 8 8 8 8 8 8 8 8 8 5 5 5 5 5 5 5 5 5 5 2 2 2 2 2 2 2 2 2 2 10 2 10 2 2 2 2 2 2 2 2 2 2 2 2 2 2 2 2 2 5 5 5 5 5 5 5 5 5 5 5 5 10 9 9 10 10 9 9 9 10 9 10 10 10 8 10 10 9 10 10 10 10 10 10 10 7 9 10 10 10 10 9 10 10 10 10 10 9 10 9 9 10 10 9 9 10 9 10 9 10 10 9 9 9 9 9 9 9 9 9 9 7 7 7 7
1 1 1 1 1 1 1 1 1 1 1 1 1 1 1 7 1 10 1 1 1 1 1 1 1 1 1 1 1 1 1 1 7 1 1 1 1 1 1 1 1 1 1 1 1 7 1 1 1 1 9 9 9 9 9 9 9 9 9 9 9 9 9 9 1 1 1 1 1 1 1 1 1 1 1 1 1 1 1 1 1 1 1 1 1 1 1 7 1 1 1 1 6 6 6 6 6 6 6 6 6 10 10 10 10 10 10 10 10 4 4 4 4 4 4 4 4 4 4 4 4 4 4 4 4 4 4 4 4 4 4 4 4 4 4 4 4 4 4 4 4 4 4 4 4 4 4 4 4 4 4 4 8 8 8 8 8 8 8 8 8 8 5 5 5 5 5 5 5 5 5 5 3 5 3 5 5 5 5 5 5 5 5 5 5 5 5 5 5 5 5 5 8 8 8 8 8 8 8 8 8 8 8 8 3 2 2 3 3 2 2 2 3 2 3 3 3 4 3 3 2 3 3 3 3 3 3 3 10 2 3 3 3 3 2 3 3 3 3 3 2 3 2 2 3 3 2 2 3 2 3 2 3 3 2 2 2 2 2 2 2 2 2 2 10 10 10 10
1 1 1 1 1 1 1 1 1 1 1 1 1 1 1 5 1 7 1 1 1 1 1 1 1 1 1 1 1 1 1 1 5 1 1 1 1 1 1 1 1 1 1 1 1 5 1 1 1 1 6 6 6 6 6 6 6 6 6 6 6 6 6 6 1 1 1 1 1 1 1 1 1 1 1 1 1 1 1 1 1 1 1 1 1 1 1 5 1 1 1 1 4 4 4 4 4 4 4 4 4 7 7 7 7 7 7 7 7 8 8 8 8 8 8 8 8 8 8 8 8 8 8 8 8 8 8 8 8 8 8 8 8 8 8 8 8 8 8 8 8 8 8 8 8 8 8 8 8 8 8 8 3 3 3 3 3 3 3 3 3 3 2 2 2 2 2 2 2 2 2 2 10 2 10 2 2 2 2 2 2 2 2 2 2 2 2 2 2 2 2 2 3 3 3 3 3 3 3 3 3 3 3 3 10 9 9 10 10 9 9 9 10 9 10 10 10 8 10 10 9 10 10 10 10 10 10 10 7 9 10 10 10 10 9 10 10 10 10 10 9 10 9 9 10 10 9 9 10 9 10 9 10 10 9 9 9 9 9 9 9 9 9 9 7 7 7 7
1 1 1 1 1 1 1 1 1 1 1 1 1 1 1 5 1 7 1 1 1 1 1 1 1 1 1 1 1 1 1 1 5 1 1 1 1 1 1 1 1 1 1 1 1 5 1 1 1 1 6 6 6 6 6 6 6 6 6 6 6 6 6 6 1 1 1 1 1 1 1 1 1 1 1 1 1 1 1 1 1 1 1 1 1 1 1 5 1 1 1 1 4 4 4 4 4 4 4 4 4 7 7 7 7 7 7 7 7 8 8 8 8 8 8 8 8 8 8 8 8 8 8 8 8 8 8 8 8 8 8 8 8 8 8 8 8 8 8 8 8 8 8 8 8 8 8 8 8 8 8 8 3 3 3 3 3 3 3 3 3 3 2 2 2 2 2 2 2 2 2 2 10 2 10 2 2 2 2 2 2 2 2 2 2 2 2 2 2 2 2 2 3 3 3 3 3 3 3 3 3 3 3 3 10 9 9 10 10 9 9 9 10 9 10 10 10 8 10 10 9 10 10 10 10 10 10 10 7 9 10 10 10 10 9 10 10 10 10 10 9 10 9 9 10 10 9 9 10 9 10 9 10 10 9 9 9 9 9 9 9 9 9 9 7 7 7 7
1 1 1 1 1 1 1 1 1 1 1 1 1 1 1 8 1 10 1 1 1 1 1 1 1 1 1 1 1 1 1 1 8 1 1 1 1 1 1 1 1 1 1 1 1 8 1 1 1 1 9 9 9 9 9 9 9 9 9 9 9 9 9 9 1 1 1 1 1 1 1 1 1 1 1 1 1 1 1 1 1 1 1 1 1 1 1 8 1 1 1 1 7 7 7 7 7 7 7 7 7 10 10 10 10 10 10 10 10 4 4 4 4 4 4 4 4 4 4 4 4 4 4 4 4 4 4 4 4 4 4 4 4 4 4 4 4 4 4 4 4 4 4 4 4 4 4 4 4 4 4 4 6 6 6 6 6 6 6 6 6 6 5 5 5 5 5 5 5 5 5 5 3 5 3 5 5 5 5 5 5 5 5 5 5 5 5 5 5 5 5 5 6 6 6 6 6 6 6 6 6 6 6 6 3 2 2 3 3 2 2 2 3 2 3 3 3 4 3 3 2 3 3 3 3 3 3 3 10 2 3 3 3 3 2 3 3 3 3 3 2 3 2 2 3 3 2 2 3 2 3 2 3 3 2 2 2 2 2 2 2 2 2 2 10 10 10 10
1 1 1 1 1 1 1 1 1 1 1 1 1 1 1 5 1 7 1 1 1 1 1 1 1 1 1 1 1 1 1 1 5 1 1 1 1 1 1 1 1 1 1 1 1 5 1 1 1 1 6 6 6 6 6 6 6 6 6 6 6 6 6 6 1 1 1 1 1 1 1 1 1 1 1 1 1 1 1 1 1 1 1 1 1 1 1 5 1 1 1 1 4 4 4 4 4 4 4 4 4 7 7 7 7 7 7 7 7 8 8 8 8 8 8 8 8 8 8 8 8 8 8 8 8 8 8 8 8 8 8 8 8 8 8 8 8 8 8 8 8 8 8 8 8 8 8 8 8 8 8 8 3 3 3 3 3 3 3 3 3 3 2 2 2 2 2 2 2 2 2 2 10 2 10 2 2 2 2 2 2 2 2 2 2 2 2 2 2 2 2 2 3 3 3 3 3 3 3 3 3 3 3 3 10 9 9 10 10 9 9 9 10 9 10 10 10 8 10 10 9 10 10 10 10 10 10 10 7 9 10 10 10 10 9 10 10 10 10 10 9 10 9 9 10 10 9 9 10 9 10 9 10 10 9 9 9 9 9 9 9 9 9 9 7 7 7 7
1 1 1 1 1 1 1 1 1 1 1 1 1 1 1 4 1 7 1 1 1 1 1 1 1 1 1 1 1 1 1 1 4 1 1 1 1 1 1 1 1 1 1 1 1 4 1 1 1 1 6 6 6 6 6 6 6 6 6 6 6 6 6 6 1 1 1 1 1 1 1 1 1 1 1 1 1 1 1 1 1 1 1 1 1 1 1 4 1 1 1 1 3 3 3 3 3 3 3 3 3 7 7 7 7 7 7 7 7 8 8 8 8 8 8 8 8 8 8 8 8 8 8 8 8 8 8 8 8 8 8 8 8 8 8 8 8 8 8 8 8 8 8 8 8 8 8 8 8 8 8 8 5 5 5 5 5 5 5 5 5 5 2 2 2 2 2 2 2 2 2 2 10 2 10 2 2 2 2 2 2 2 2 2 2 2 2 2 2 2 2 2 5 5 5 5 5 5 5 5 5 5 5 5 10 9 9 10 10 9 9 9 10 9 10 10 10 8 10 10 9 10 10 10 10 10 10 10 7 9 10 10 10 10 9 10 10 10 10 10 9 10 9 9 10 10 9 9 10 9 10 9 10 10 9 9 9 9 9 9 9 9 9 9 7 7 7 7
1 1 1 1 1 1 1 1 1 1 1 1 1 1 1 5 1 7 1 1 1 1 1 1 1 1 1 1 1 1 1 1 5 1 1 1 1 1 1 1 1 1 1 1 1 5 1 1 1 1 6 6 6 6 6 6 6 6 6 6 6 6 6 6 1 1 1 1 1 1 1 1 1 1 1 1 1 1 1 1 1 1 1 1 1 1 1 5 1 1 1 1 4 4 4 4 4 4 4 4 4 7 7 7 7 7 7 7 7 8 8 8 8 8 8 8 8 8 8 8 8 8 8 8 8 8 8 8 8 8 8 8 8 8 8 8 8 8 8 8 8 8 8 8 8 8 8 8 8 8 8 8 3 3 3 3 3 3 3 3 3 3 2 2 2 2 2 2 2 2 2 2 10 2 10 2 2 2 2 2 2 2 2 2 2 2 2 2 2 2 2 2 3 3 3 3 3 3 3 3 3 3 3 3 10 9 9 10 10 9 9 9 10 9 10 10 10 8 10 10 9 10 10 10 10 10 10 10 7 9 10 10 10 10 9 10 10 10 10 10 9 10 9 9 10 10 9 9 10 9 10 9 10 10 9 9 9 9 9 9 9 9 9 9 7 7 7 7
1 1 1 1 1 1 1 1 1 1 1 1 1 1 1 4 1 7 1 1 1 1 1 1 1 1 1 1 1 1 1 1 4 1 1 1 1 1 1 1 1 1 1 1 1 4 1 1 1 1 6 6 6 6 6 6 6 6 6 6 6 6 6 6 1 1 1 1 1 1 1 1 1 1 1 1 1 1 1 1 1 1 1 1 1 1 1 4 1 1 1 1 3 3 3 3 3 3 3 3 3 7 7 7 7 7 7 7 7 8 8 8 8 8 8 8 8 8 8 8 8 8 8 8 8 8 8 8 8 8 8 8 8 8 8 8 8 8 8 8 8 8 8 8 8 8 8 8 8 8 8 8 5 5 5 5 5 5 5 5 5 5 2 2 2 2 2 2 2 2 2 2 10 2 10 2 2 2 2 2 2 2 2 2 2 2 2 2 2 2 2 2 5 5 5 5 5 5 5 5 5 5 5 5 10 9 9 10 10 9 9 9 10 9 10 10 10 8 10 10 9 10 10 10 10 10 10 10 7 9 10 10 10 10 9 10 10 10 10 10 9 10 9 9 10 10 9 9 10 9 10 9 10 10 9 9 9 9 9 9 9 9 9 9 7 7 7 7
1 1 1 1 1 1 1 1 1 1 1 1 1 1 1 7 1 10 1 1 1 1 1 1 1 1 1 1 1 1 1 1 7 1 1 1 1 1 1 1 1 1 1 1 1 7 1 1 1 1 9 9 9 9 9 9 9 9 9 9 9 9 9 9 1 1 1 1 1 1 1 1 1 1 1 1 1 1 1 1 1 1 1 1 1 1 1 7 1 1 1 1 6 6 6 6 6 6 6 6 6 10 10 10 10 10 10 10 10 4 4 4 4 4 4 4 4 4 4 4 4 4 4 4 4 4 4 4 4 4 4 4 4 4 4 4 4 4 4 4 4 4 4 4 4 4 4 4 4 4 4 4 8 8 8 8 8 8 8 8 8 8 5 5 5 5 5 5 5 5 5 5 3 5 3 5 5 5 5 5 5 5 5 5 5 5 5 5 5 5 5 5 8 8 8 8 8 8 8 8 8 8 8 8 3 2 2 3 3 2 2 2 3 2 3 3 3 4 3 3 2 3 3 3 3 3 3 3 10 2 3 3 3 3 2 3 3 3 3 3 2 3 2 2 3 3 2 2 3 2 3 2 3 3 2 2 2 2 2 2 2 2 2 2 10 10 10 10
1 1 1 1 1 1 1 1 1 1 1 1 1 1 1 5 1 7 1 1 1 1 1 1 1 1 1 1 1 1 1 1 5 1 1 1 1 1 1 1 1 1 1 1 1 5 1 1 1 1 6 6 6 6 6 6 6 6 6 6 6 6 6 6 1 1 1 1 1 1 1 1 1 1 1 1 1 1 1 1 1 1 1 1 1 1 1 5 1 1 1 1 4 4 4 4 4 4 4 4 4 7 7 7 7 7 7 7 7 8 8 8 8 8 8 8 8 8 8 8 8 8 8 8 8 8 8 8 8 8 8 8 8 8 8 8 8 8 8 8 8 8 8 8 8 8 8 8 8 8 8 8 3 3 3 3 3 3 3 3 3 3 2 2 2 2 2 2 2 2 2 2 10 2 10 2 2 2 2 2 2 2 2 2 2 2 2 2 2 2 2 2 3 3 3 3 3 3 3 3 3 3 3 3 10 9 9 10 10 9 9 9 10 9 10 10 10 8 10 10 9 10 10 10 10 10 10 10 7 9 10 10 10 10 9 10 10 10 10 10 9 10 9 9 10 10 9 9 10 9 10 9 10 10 9 9 9 9 9 9 9 9 9 9 7 7 7 7
1 1 1 1 1 1 1 1 1 1 1 1 1 1 1 7 1 10 1 1 1 1 1 1 1 1 1 1 1 1 1 1 7 1 1 1 1 1 1 1 1 1 1 1 1 7 1 1 1 1 9 9 9 9 9 9 9 9 9 9 9 9 9 9 1 1 1 1 1 1 1 1 1 1 1 1 1 1 1 1 1 1 1 1 1 1 1 7 1 1 1 1 6 6 6 6 6 6 6 6 6 10 10 10 10 10 10 10 10 4 4 4 4 4 4 4 4 4 4 4 4 4 4 4 4 4 4 4 4 4 4 4 4 4 4 4 4 4 4 4 4 4 4 4 4 4 4 4 4 4 4 4 8 8 8 8 8 8 8 8 8 8 5 5 5 5 5 5 5 5 5 5 3 5 3 5 5 5 5 5 5 5 5 5 5 5 5 5 5 5 5 5 8 8 8 8 8 8 8 8 8 8 8 8 3 2 2 3 3 2 2 2 3 2 3 3 3 4 3 3 2 3 3 3 3 3 3 3 10 2 3 3 3 3 2 3 3 3 3 3 2 3 2 2 3 3 2 2 3 2 3 2 3 3 2 2 2 2 2 2 2 2 2 2 10 10 10 10
1 1 1 1 1 1 1 1 1 1 1 1 1 1 1 3 1 7 1 1 1 1 1 1 1 1 1 1 1 1 1 1 3 1 1 1 1 1 1 1 1 1 1 1 1 3 1 1 1 1 6 6 6 6 6 6 6 6 6 6 6 6 6 6 1 1 1 1 1 1 1 1 1 1 1 1 1 1 1 1 1 1 1 1 1 1 1 3 1 1 1 1 2 2 2 2 2 2 2 2 2 7 7 7 7 7 7 7 7 8 8 8 8 8 8 8 8 8 8 8 8 8 8 8 8 8 8 8 8 8 8 8 8 8 8 8 8 8 8 8 8 8 8 8 8 8 8 8 8 8 8 8 5 5 5 5 5 5 5 5 5 5 4 4 4 4 4 4 4 4 4 4 10 4 10 4 4 4 4 4 4 4 4 4 4 4 4 4 4 4 4 4 5 5 5 5 5 5 5 5 5 5 5 5 10 9 9 10 10 9 9 9 10 9 10 10 10 8 10 10 9 10 10 10 10 10 10 10 7 9 10 10 10 10 9 10 10 10 10 10 9 10 9 9 10 10 9 9 10 9 10 9 10 10 9 9 9 9 9 9 9 9 9 9 7 7 7 7
1 1 1 1 1 1 1 1 1 1 1 1 1 1 1 7 1 10 1 1 1 1 1 1 1 1 1 1 1 1 1 1 7 1 1 1 1 1 1 1 1 1 1 1 1 7 1 1 1 1 9 9 9 9 9 9 9 9 9 9 9 9 9 9 1 1 1 1 1 1 1 1 1 1 1 1 1 1 1 1 1 1 1 1 1 1 1 7 1 1 1 1 6 6 6 6 6 6 6 6 6 10 10 10 10 10 10 10 10 4 4 4 4 4 4 4 4 4 4 4 4 4 4 4 4 4 4 4 4 4 4 4 4 4 4 4 4 4 4 4 4 4 4 4 4 4 4 4 4 4 4 4 8 8 8 8 8 8 8 8 8 8 5 5 5 5 5 5 5 5 5 5 3 5 3 5 5 5 5 5 5 5 5 5 5 5 5 5 5 5 5 5 8 8 8 8 8 8 8 8 8 8 8 8 3 2 2 3 3 2 2 2 3 2 3 3 3 4 3 3 2 3 3 3 3 3 3 3 10 2 3 3 3 3 2 3 3 3 3 3 2 3 2 2 3 3 2 2 3 2 3 2 3 3 2 2 2 2 2 2 2 2 2 2 10 10 10 10
1 1 1 1 1 1 1 1 1 1 1 1 1 1 1 5 1 7 1 1 1 1 1 1 1 1 1 1 1 1 1 1 5 1 1 1 1 1 1 1 1 1 1 1 1 5 1 1 1 1 6 6 6 6 6 6 6 6 6 6 6 6 6 6 1 1 1 1 1 1 1 1 1 1 1 1 1 1 1 1 1 1 1 1 1 1 1 5 1 1 1 1 4 4 4 4 4 4 4 4 4 7 7 7 7 7 7 7 7 8 8 8 8 8 8 8 8 8 8 8 8 8 8 8 8 8 8 8 8 8 8 8 8 8 8 8 8 8 8 8 8 8 8 8 8 8 8 8 8 8 8 8 3 3 3 3 3 3 3 3 3 3 2 2 2 2 2 2 2 2 2 2 10 2 10 2 2 2 2 2 2 2 2 2 2 2 2 2 2 2 2 2 3 3 3 3 3 3 3 3 3 3 3 3 10 9 9 10 10 9 9 9 10 9 10 10 10 8 10 10 9 10 10 10 10 10 10 10 7 9 10 10 10 10 9 10 10 10 10 10 9 10 9 9 10 10 9 9 10 9 10 9 10 10 9 9 9 9 9 9 9 9 9 9 7 7 7 7
1 1 1 1 1 1 1 1 1 1 1 1 1 1 1 3 1 7 1 1 1 1 1 1 1 1 1 1 1 1 1 1 3 1 1 1 1 1 1 1 1 1 1 1 1 3 1 1 1 1 6 6 6 6 6 6 6 6 6 6 6 6 6 6 1 1 1 1 1 1 1 1 1 1 1 1 1 1 1 1 1 1 1 1 1 1 1 3 1 1 1 1 2 2 2 2 2 2 2 2 2 7 7 7 7 7 7 7 7 8 8 8 8 8 8 8 8 8 8 8 8 8 8 8 8 8 8 8 8 8 8 8 8 8 8 8 8 8 8 8 8 8 8 8 8 8 8 8 8 8 8 8 5 5 5 5 5 5 5 5 5 5 4 4 4 4 4 4 4 4 4 4 10 4 10 4 4 4 4 4 4 4 4 4 4 4 4 4 4 4 4 4 5 5 5 5 5 5 5 5 5 5 5 5 10 9 9 10 10 9 9 9 10 9 10 10 10 8 10 10 9 10 10 10 10 10 10 10 7 9 10 10 10 10 9 10 10 10 10 10 9 10 9 9 10 10 9 9 10 9 10 9 10 10 9 9 9 9 9 9 9 9 9 9 7 7 7 7
1 1 1 1 1 1 1 1 1 1 1 1 1 1 1 5 1 7 1 1 1 1 1 1 1 1 1 1 1 1 1 1 5 1 1 1 1 1 1 1 1 1 1 1 1 5 1 1 1 1 6 6 6 6 6 6 6 6 6 6 6 6 6 6 1 1 1 1 1 1 1 1 1 1 1 1 1 1 1 1 1 1 1 1 1 1 1 5 1 1 1 1 4 4 4 4 4 4 4 4 4 7 7 7 7 7 7 7 7 8 8 8 8 8 8 8 8 8 8 8 8 8 8 8 8 8 8 8 8 8 8 8 8 8 8 8 8 8 8 8 8 8 8 8 8 8 8 8 8 8 8 8 3 3 3 3 3 3 3 3 3 3 2 2 2 2 2 2 2 2 2 2 10 2 10 2 2 2 2 2 2 2 2 2 2 2 2 2 2 2 2 2 3 3 3 3 3 3 3 3 3 3 3 3 10 9 9 10 10 9 9 9 10 9 10 10 10 8 10 10 9 10 10 10 10 10 10 10 7 9 10 10 10 10 9 10 10 10 10 10 9 10 9 9 10 10 9 9 10 9 10 9 10 10 9 9 9 9 9 9 9 9 9 9 7 7 7 7
1 1 1 1 1 1 1 1 1 1 1 1 1 1 1 5 1 7 1 1 1 1 1 1 1 1 1 1 1 1 1 1 5 1 1 1 1 1 1 1 1 1 1 1 1 5 1 1 1 1 6 6 6 6 6 6 6 6 6 6 6 6 6 6 1 1 1 1 1 1 1 1 1 1 1 1 1 1 1 1 1 1 1 1 1 1 1 5 1 1 1 1 4 4 4 4 4 4 4 4 4 7 7 7 7 7 7 7 7 8 8 8 8 8 8 8 8 8 8 8 8 8 8 8 8 8 8 8 8 8 8 8 8 8 8 8 8 8 8 8 8 8 8 8 8 8 8 8 8 8 8 8 3 3 3 3 3 3 3 3 3 3 2 2 2 2 2 2 2 2 2 2 10 2 10 2 2 2 2 2 2 2 2 2 2 2 2 2 2 2 2 2 3 3 3 3 3 3 3 3 3 3 3 3 10 9 9 10 10 9 9 9 10 9 10 10 10 8 10 10 9 10 10 10 10 10 10 10 7 9 10 10 10 10 9 10 10 10 10 10 9 10 9 9 10 10 9 9 10 9 10 9 10 10 9 9 9 9 9 9 9 9 9 9 7 7 7 7
1 1 1 1 1 1 1 1 1 1 1 1 1 1 1 8 1 10 1 1 1 1 1 1 1 1 1 1 1 1 1 1 8 1 1 1 1 1 1 1 1 1 1 1 1 8 1 1 1 1 9 9 9 9 9 9 9 9 9 9 9 9 9 9 1 1 1 1 1 1 1 1 1 1 1 1 1 1 1 1 1 1 1 1 1 1 1 8 1 1 1 1 7 7 7 7 7 7 7 7 7 10 10 10 10 10 10 10 10 4 4 4 4 4 4 4 4 4 4 4 4 4 4 4 4 4 4 4 4 4 4 4 4 4 4 4 4 4 4 4 4 4 4 4 4 4 4 4 4 4 4 4 6 6 6 6 6 6 6 6 6 6 5 5 5 5 5 5 5 5 5 5 2 5 2 5 5 5 5 5 5 5 5 5 5 5 5 5 5 5 5 5 6 6 6 6 6 6 6 6 6 6 6 6 3 3 3 3 3 3 3 3 3 3 3 3 3 4 3 3 3 3 3 3 3 3 3 3 10 3 3 3 3 3 3 3 3 3 3 3 3 3 3 3 3 3 3 3 3 3 3 3 3 3 3 3 3 3 3 3 3 3 3 3 10 10 10 10
1 1 1 1 1 1 1 1 1 1 1 1 1 1 1 3 1 7 1 1 1 1 1 1 1 1 1 1 1 1 1 1 3 1 1 1 1 1 1 1 1 1 1 1 1 3 1 1 1 1 6 6 6 6 6 6 6 6 6 6 6 6 6 6 1 1 1 1 1 1 1 1 1 1 1 1 1 1 1 1 1 1 1 1 1 1 1 3 1 1 1 1 2 2 2 2 2 2 2 2 2 7 7 7 7 7 7 7 7 8 8 8 8 8 8 8 8 8 8 8 8 8 8 8 8 8 8 8 8 8 8 8 8 8 8 8 8 8 8 8 8 8 8 8 8 8 8 8 8 8 8 8 5 5 5 5 5 5 5 5 5 5 4 4 4 4 4 4 4 4 4 4 10 4 10 4 4 4 4 4 4 4 4 4 4 4 4 4 4 4 4 4 5 5 5 5 5 5 5 5 5 5 5 5 10 9 9 10 10 9 9 9 10 9 10 10 10 8 10 10 9 10 10 10 10 10 10 10 7 9 10 10 10 10 9 10 10 10 10 10 9 10 9 9 10 10 9 9 10 9 10 9 10 10 9 9 9 9 9 9 9 9 9 9 7 7 7 7
1 1 1 1 1 1 1 1 1 1 1 1 1 1 1 4 1 7 1 1 1 1 1 1 1 1 1 1 1 1 1 1 4 1 1 1 1 1 1 1 1 1 1 1 1 4 1 1 1 1 6 6 6 6 6 6 6 6 6 6 6 6 6 6 1 1 1 1 1 1 1 1 1 1 1 1 1 1 1 1 1 1 1 1 1 1 1 4 1 1 1 1 3 3 3 3 3 3 3 3 3 7 7 7 7 7 7 7 7 8 8 8 8 8 8 8 8 8 8 8 8 8 8 8 8 8 8 8 8 8 8 8 8 8 8 8 8 8 8 8 8 8 8 8 8 8 8 8 8 8 8 8 5 5 5 5 5 5 5 5 5 5 2 2 2 2 2 2 2 2 2 2 10 2 10 2 2 2 2 2 2 2 2 2 2 2 2 2 2 2 2 2 5 5 5 5 5 5 5 5 5 5 5 5 10 9 9 10 10 9 9 9 10 9 10 10 10 8 10 10 9 10 10 10 10 10 10 10 7 9 10 10 10 10 9 10 10 10 10 10 9 10 9 9 10 10 9 9 10 9 10 9 10 10 9 9 9 9 9 9 9 9 9 9 7 7 7 7
1 1 1 1 1 1 1 1 1 1 1 1 1 1 1 4 1 7 1 1 1 1 1 1 1 1 1 1 1 1 1 1 4 1 1 1 1 1 1 1 1 1 1 1 1 4 1 1 1 1 6 6 6 6 6 6 6 6 6 6 6 6 6 6 1 1 1 1 1 1 1 1 1 1 1 1 1 1 1 1 1 1 1 1 1 1 1 4 1 1 1 1 3 3 3 3 3 3 3 3 3 7 7 7 7 7 7 7 7 8 8 8 8 8 8 8 8 8 8 8 8 8 8 8 8 8 8 8 8 8 8 8 8 8 8 8 8 8 8 8 8 8 8 8 8 8 8 8 8 8 8 8 5 5 5 5 5 5 5 5 5 5 2 2 2 2 2 2 2 2 2 2 10 2 10 2 2 2 2 2 2 2 2 2 2 2 2 2 2 2 2 2 5 5 5 5 5 5 5 5 5 5 5 5 10 9 9 10 10 9 9 9 10 9 10 10 10 8 10 10 9 10 10 10 10 10 10 10 7 9 10 10 10 10 9 10 10 10 10 10 9 10 9 9 10 10 9 9 10 9 10 9 10 10 9 9 9 9 9 9 9 9 9 9 7 7 7 7
1 1 1 1 1 1 1 1 1 1 1 1 1 1 1 8 1 10 1 1 1 1 1 1 1 1 1 1 1 1 1 1 8 1 1 1 1 1 1 1 1 1 1 1 1 8 1 1 1 1 9 9 9 9 9 9 9 9 9 9 9 9 9 9 1 1 1 1 1 1 1 1 1 1 1 1 1 1 1 1 1 1 1 1 1 1 1 8 1 1 1 1 7 7 7 7 7 7 7 7 7 10 10 10 10 10 10 10 10 3 3 3 3 3 3 3 3 3 3 3 3 3 3 3 3 3 3 3 3 3 3 3 3 3 3 3 3 3 3 3 3 3 3 3 3 3 3 3 3 3 3 3 6 6 6 6 6 6 6 6 6 6 5 5 5 5 5 5 5 5 5 5 4 5 4 5 5 5 5 5 5 5 5 5 5 5 5 5 5 5 5 5 6 6 6 6 6 6 6 6 6 6 6 6 2 2 2 2 2 2 2 2 2 2 2 2 2 3 2 2 2 2 2 2 2 2 2 2 10 2 2 2 2 2 2 2 2 2 2 2 2 2 2 2 2 2 2 2 2 2 2 2 2 2 2 2 2 2 2 2 2 2 2 2 10 10 10 10
1 1 1 1 1 1 1 1 1 1 1 1 1 1 1 8 1 10 1 1 1 1 1 1 1 1 1 1 1 1 1 1 8 1 1 1 1 1 1 1 1 1 1 1 1 8 1 1 1 1 9 9 9 9 9 9 9 9 9 9 9 9 9 9 1 1 1 1 1 1 1 1 1 1 1 1 1 1 1 1 1 1 1 1 1 1 1 8 1 1 1 1 7 7 7 7 7 7 7 7 7 10 10 10 10 10 10 10 10 4 4 4 4 4 4 4 4 4 4 4 4 4 4 4 4 4 4 4 4 4 4 4 4 4 4 4 4 4 4 4 4 4 4 4 4 4 4 4 4 4 4 4 6 6 6 6 6 6 6 6 6 6 5 5 5 5 5 5 5 5 5 5 3 5 3 5 5 5 5 5 5 5 5 5 5 5 5 5 5 5 5 5 6 6 6 6 6 6 6 6 6 6 6 6 3 2 2 3 3 2 2 2 3 2 3 3 3 4 3 3 2 3 3 3 3 3 3 3 10 2 3 3 3 3 2 3 3 3 3 3 2 3 2 2 3 3 2 2 3 2 3 2 3 3 2 2 2 2 2 2 2 2 2 2 10 10 10 10
1 1 1 1 1 1 1 1 1 1 1 1 1 1 1 5 1 7 1 1 1 1 1 1 1 1 1 1 1 1 1 1 5 1 1 1 1 1 1 1 1 1 1 1 1 5 1 1 1 1 6 6 6 6 6 6 6 6 6 6 6 6 6 6 1 1 1 1 1 1 1 1 1 1 1 1 1 1 1 1 1 1 1 1 1 1 1 5 1 1 1 1 4 4 4 4 4 4 4 4 4 7 7 7 7 7 7 7 7 8 8 8 8 8 8 8 8 8 8 8 8 8 8 8 8 8 8 8 8 8 8 8 8 8 8 8 8 8 8 8 8 8 8 8 8 8 8 8 8 8 8 8 3 3 3 3 3 3 3 3 3 3 2 2 2 2 2 2 2 2 2 2 10 2 10 2 2 2 2 2 2 2 2 2 2 2 2 2 2 2 2 2 3 3 3 3 3 3 3 3 3 3 3 3 10 9 9 10 10 9 9 9 10 9 10 10 10 8 10 10 9 10 10 10 10 10 10 10 7 9 10 10 10 10 9 10 10 10 10 10 9 10 9 9 10 10 9 9 10 9 10 9 10 10 9 9 9 9 9 9 9 9 9 9 7 7 7 7
1 1 1 1 1 1 1 1 1 1 1 1 1 1 1 7 1 10 1 1 1 1 1 1 1 1 1 1 1 1 1 1 7 1 1 1 1 1 1 1 1 1 1 1 1 7 1 1 1 1 9 9 9 9 9 9 9 9 9 9 9 9 9 9 1 1 1 1 1 1 1 1 1 1 1 1 1 1 1 1 1 1 1 1 1 1 1 7 1 1 1 1 6 6 6 6 6 6 6 6 6 10 10 10 10 10 10 10 10 4 4 4 4 4 4 4 4 4 4 4 4 4 4 4 4 4 4 4 4 4 4 4 4 4 4 4 4 4 4 4 4 4 4 4 4 4 4 4 4 4 4 4 8 8 8 8 8 8 8 8 8 8 5 5 5 5 5 5 5 5 5 5 3 5 3 5 5 5 5 5 5 5 5 5 5 5 5 5 5 5 5 5 8 8 8 8 8 8 8 8 8 8 8 8 3 2 2 3 3 2 2 2 3 2 3 3 3 4 3 3 2 3 3 3 3 3 3 3 10 2 3 3 3 3 2 3 3 3 3 3 2 3 2 2 3 3 2 2 3 2 3 2 3 3 2 2 2 2 2 2 2 2 2 2 10 10 10 10
1 1 1 1 1 1 1 1 1 1 1 1 1 1 1 7 1 10 1 1 1 1 1 1 1 1 1 1 1 1 1 1 7 1 1 1 1 1 1 1 1 1 1 1 1 7 1 1 1 1 9 9 9 9 9 9 9 9 9 9 9 9 9 9 1 1 1 1 1 1 1 1 1 1 1 1 1 1 1 1 1 1 1 1 1 1 1 7 1 1 1 1 6 6 6 6 6 6 6 6 6 10 10 10 10 10 10 10 10 4 4 4 4 4 4 4 4 4 4 4 4 4 4 4 4 4 4 4 4 4 4 4 4 4 4 4 4 4 4 4 4 4 4 4 4 4 4 4 4 4 4 4 8 8 8 8 8 8 8 8 8 8 5 5 5 5 5 5 5 5 5 5 2 5 2 5 5 5 5 5 5 5 5 5 5 5 5 5 5 5 5 5 8 8 8 8 8 8 8 8 8 8 8 8 3 3 3 3 3 3 3 3 3 3 3 3 3 4 3 3 3 3 3 3 3 3 3 3 10 3 3 3 3 3 3 3 3 3 3 3 3 3 3 3 3 3 3 3 3 3 3 3 3 3 3 3 3 3 3 3 3 3 3 3 10 10 10 10
1 1 1 1 1 1 1 1 1 1 1 1 1 1 1 4 1 7 1 1 1 1 1 1 1 1 1 1 1 1 1 1 4 1 1 1 1 1 1 1 1 1 1 1 1 4 1 1 1 1 6 6 6 6 6 6 6 6 6 6 6 6 6 6 1 1 1 1 1 1 1 1 1 1 1 1 1 1 1 1 1 1 1 1 1 1 1 4 1 1 1 1 3 3 3 3 3 3 3 3 3 7 7 7 7 7 7 7 7 8 8 8 8 8 8 8 8 8 8 8 8 8 8 8 8 8 8 8 8 8 8 8 8 8 8 8 8 8 8 8 8 8 8 8 8 8 8 8 8 8 8 8 5 5 5 5 5 5 5 5 5 5 2 2 2 2 2 2 2 2 2 2 10 2 10 2 2 2 2 2 2 2 2 2 2 2 2 2 2 2 2 2 5 5 5 5 5 5 5 5 5 5 5 5 10 9 9 10 10 9 9 9 10 9 10 10 10 8 10 10 9 10 10 10 10 10 10 10 7 9 10 10 10 10 9 10 10 10 10 10 9 10 9 9 10 10 9 9 10 9 10 9 10 10 9 9 9 9 9 9 9 9 9 9 7 7 7 7
1 1 1 1 1 1 1 1 1 1 1 1 1 1 1 3 1 7 1 1 1 1 1 1 1 1 1 1 1 1 1 1 3 1 1 1 1 1 1 1 1 1 1 1 1 3 1 1 1 1 6 6 6 6 6 6 6 6 6 6 6 6 6 6 1 1 1 1 1 1 1 1 1 1 1 1 1 1 1 1 1 1 1 1 1 1 1 3 1 1 1 1 2 2 2 2 2 2 2 2 2 7 7 7 7 7 7 7 7 8 8 8 8 8 8 8 8 8 8 8 8 8 8 8 8 8 8 8 8 8 8 8 8 8 8 8 8 8 8 8 8 8 8 8 8 8 8 8 8 8 8 8 5 5 5 5 5 5 5 5 5 5 4 4 4 4 4 4 4 4 4 4 10 4 10 4 4 4 4 4 4 4 4 4 4 4 4 4 4 4 4 4 5 5 5 5 5 5 5 5 5 5 5 5 10 9 9 10 10 9 9 9 10 9 10 10 10 8 10 10 9 10 10 10 10 10 10 10 7 9 10 10 10 10 9 10 10 10 10 10 9 10 9 9 10 10 9 9 10 9 10 9 10 10 9 9 9 9 9 9 9 9 9 9 7 7 7 7
1 1 1 1 1 1 1 1 1 1 1 1 1 1 1 3 1 7 1 1 1 1 1 1 1 1 1 1 1 1 1 1 3 1 1 1 1 1 1 1 1 1 1 1 1 3 1 1 1 1 6 6 6 6 6 6 6 6 6 6 6 6 6 6 1 1 1 1 1 1 1 1 1 1 1 1 1 1 1 1 1 1 1 1 1 1 1 3 1 1 1 1 2 2 2 2 2 2 2 2 2 7 7 7 7 7 7 7 7 8 8 8 8 8 8 8 8 8 8 8 8 8 8 8 8 8 8 8 8 8 8 8 8 8 8 8 8 8 8 8 8 8 8 8 8 8 8 8 8 8 8 8 5 5 5 5 5 5 5 5 5 5 4 4 4 4 4 4 4 4 4 4 10 4 10 4 4 4 4 4 4 4 4 4 4 4 4 4 4 4 4 4 5 5 5 5 5 5 5 5 5 5 5 5 10 9 9 10 10 9 9 9 10 9 10 10 10 8 10 10 9 10 10 10 10 10 10 10 7 9 10 10 10 10 9 10 10 10 10 10 9 10 9 9 10 10 9 9 10 9 10 9 10 10 9 9 9 9 9 9 9 9 9 9 7 7 7 7
1 1 1 1 1 1 1 1 1 1 1 1 1 1 1 7 1 10 1 1 1 1 1 1 1 1 1 1 1 1 1 1 7 1 1 1 1 1 1 1 1 1 1 1 1 7 1 1 1 1 9 9 9 9 9 9 9 9 9 9 9 9 9 9 1 1 1 1 1 1 1 1 1 1 1 1 1 1 1 1 1 1 1 1 1 1 1 7 1 1 1 1 6 6 6 6 6 6 6 6 6 10 10 10 10 10 10 10 10 4 4 4 4 4 4 4 4 4 4 4 4 4 4 4 4 4 4 4 4 4 4 4 4 4 4 4 4 4 4 4 4 4 4 4 4 4 4 4 4 4 4 4 8 8 8 8 8 8 8 8 8 8 5 5 5 5 5 5 5 5 5 5 3 5 3 5 5 5 5 5 5 5 5 5 5 5 5 5 5 5 5 5 8 8 8 8 8 8 8 8 8 8 8 8 3 2 2 3 3 2 2 2 3 2 3 3 3 4 3 3 2 3 3 3 3 3 3 3 10 2 3 3 3 3 2 3 3 3 3 3 2 3 2 2 3 3 2 2 3 2 3 2 3 3 2 2 2 2 2 2 2 2 2 2 10 10 10 10
1 1 1 1 1 1 1 1 1 1 1 1 1 1 1 3 1 8 1 1 1 1 1 1 1 1 1 1 1 1 1 1 3 1 1 1 1 1 1 1 1 1 1 1 1 3 1 1 1 1 7 7 7 7 7 7 7 7 7 7 7 7 7 7 1 1 1 1 1 1 1 1 1 1 1 1 1 1 1 1 1 1 1 1 1 1 1 3 1 1 1 1 2 2 2 2 2 2 2 2 2 8 8 8 8 8 8 8 8 9 9 9 9 9 9 9 9 9 9 9 9 9 9 9 9 9 9 9 9 9 9 9 9 9 9 9 9 9 9 9 9 9 9 9 9 9 9 9 9 9 9 9 6 6 6 6 6 6 6 6 6 6 5 5 5 5 5 5 5 5 5 5 4 5 4 5 5 5 5 5 5 5 5 5 5 5 5 5 5 5 5 5 6 6 6 6 6 6 6 6 6 6 6 6 10 10 10 10 10 10 10 10 10 10 10 10 10 9 10 10 10 10 10 10 10 10 10 10 8 10 10 10 10 10 10 10 10 10 10 10 10 10 10 10 10 10 10 10 10 10 10 10 10 10 10 10 10 10 10 10 10 10 10 10 8 8 8 8
1 1 1 1 1 1 1 1 1 1 1 1 1 1 1 7 1 10 1 1 1 1 1 1 1 1 1 1 1 1 1 1 7 1 1 1 1 1 1 1 1 1 1 1 1 7 1 1 1 1 9 9 9 9 9 9 9 9 9 9 9 9 9 9 1 1 1 1 1 1 1 1 1 1 1 1 1 1 1 1 1 1 1 1 1 1 1 7 1 1 1 1 6 6 6 6 6 6 6 6 6 10 10 10 10 10 10 10 10 4 4 4 4 4 4 4 4 4 4 4 4 4 4 4 4 4 4 4 4 4 4 4 4 4 4 4 4 4 4 4 4 4 4 4 4 4 4 4 4 4 4 4 8 8 8 8 8 8 8 8 8 8 5 5 5 5 5 5 5 5 5 5 3 5 3 5 5 5 5 5 5 5 5 5 5 5 5 5 5 5 5 5 8 8 8 8 8 8 8 8 8 8 8 8 3 2 2 3 3 2 2 2 3 2 3 3 3 4 3 3 2 3 3 3 3 3 3 3 10 2 3 3 3 3 2 3 3 3 3 3 2 3 2 2 3 3 2 2 3 2 3 2 3 3 2 2 2 2 2 2 2 2 2 2 10 10 10 10
1 1 1 1 1 1 1 1 1 1 1 1 1 1 1 4 1 7 1 1 1 1 1 1 1 1 1 1 1 1 1 1 4 1 1 1 1 1 1 1 1 1 1 1 1 4 1 1 1 1 6 6 6 6 6 6 6 6 6 6 6 6 6 6 1 1 1 1 1 1 1 1 1 1 1 1 1 1 1 1 1 1 1 1 1 1 1 4 1 1 1 1 3 3 3 3 3 3 3 3 3 7 7 7 7 7 7 7 7 8 8 8 8 8 8 8 8 8 8 8 8 8 8 8 8 8 8 8 8 8 8 8 8 8 8 8 8 8 8 8 8 8 8 8 8 8 8 8 8 8 8 8 5 5 5 5 5 5 5 5 5 5 2 2 2 2 2 2 2 2 2 2 10 2 10 2 2 2 2 2 2 2 2 2 2 2 2 2 2 2 2 2 5 5 5 5 5 5 5 5 5 5 5 5 10 9 9 10 10 9 9 9 10 9 10 10 10 8 10 10 9 10 10 10 10 10 10 10 7 9 10 10 10 10 9 10 10 10 10 10 9 10 9 9 10 10 9 9 10 9 10 9 10 10 9 9 9 9 9 9 9 9 9 9 7 7 7 7
1 1 1 1 1 1 1 1 1 1 1 1 1 1 1 3 1 7 1 1 1 1 1 1 1 1 1 1 1 1 1 1 3 1 1 1 1 1 1 1 1 1 1 1 1 3 1 1 1 1 6 6 6 6 6 6 6 6 6 6 6 6 6 6 1 1 1 1 1 1 1 1 1 1 1 1 1 1 1 1 1 1 1 1 1 1 1 3 1 1 1 1 2 2 2 2 2 2 2 2 2 7 7 7 7 7 7 7 7 8 8 8 8 8 8 8 8 8 8 8 8 8 8 8 8 8 8 8 8 8 8 8 8 8 8 8 8 8 8 8 8 8 8 8 8 8 8 8 8 8 8 8 5 5 5 5 5 5 5 5 5 5 4 4 4 4 4 4 4 4 4 4 10 4 10 4 4 4 4 4 4 4 4 4 4 4 4 4 4 4 4 4 5 5 5 5 5 5 5 5 5 5 5 5 10 9 9 10 10 9 9 9 10 9 10 10 10 8 10 10 9 10 10 10 10 10 10 10 7 9 10 10 10 10 9 10 10 10 10 10 9 10 9 9 10 10 9 9 10 9 10 9 10 10 9 9 9 9 9 9 9 9 9 9 7 7 7 7
1 1 1 1 1 1 1 1 1 1 1 1 1 1 1 5 1 7 1 1 1 1 1 1 1 1 1 1 1 1 1 1 5 1 1 1 1 1 1 1 1 1 1 1 1 5 1 1 1 1 6 6 6 6 6 6 6 6 6 6 6 6 6 6 1 1 1 1 1 1 1 1 1 1 1 1 1 1 1 1 1 1 1 1 1 1 1 5 1 1 1 1 4 4 4 4 4 4 4 4 4 7 7 7 7 7 7 7 7 8 8 8 8 8 8 8 8 8 8 8 8 8 8 8 8 8 8 8 8 8 8 8 8 8 8 8 8 8 8 8 8 8 8 8 8 8 8 8 8 8 8 8 3 3 3 3 3 3 3 3 3 3 2 2 2 2 2 2 2 2 2 2 10 2 10 2 2 2 2 2 2 2 2 2 2 2 2 2 2 2 2 2 3 3 3 3 3 3 3 3 3 3 3 3 10 9 9 10 10 9 9 9 10 9 10 10 10 8 10 10 9 10 10 10 10 10 10 10 7 9 10 10 10 10 9 10 10 10 10 10 9 10 9 9 10 10 9 9 10 9 10 9 10 10 9 9 9 9 9 9 9 9 9 9 7 7 7 7
1 1 1 1 1 1 1 1 1 1 1 1 1 1 1 5 1 7 1 1 1 1 1 1 1 1 1 1 1 1 1 1 5 1 1 1 1 1 1 1 1 1 1 1 1 5 1 1 1 1 6 6 6 6 6 6 6 6 6 6 6 6 6 6 1 1 1 1 1 1 1 1 1 1 1 1 1 1 1 1 1 1 1 1 1 1 1 5 1 1 1 1 4 4 4 4 4 4 4 4 4 7 7 7 7 7 7 7 7 8 8 8 8 8 8 8 8 8 8 8 8 8 8 8 8 8 8 8 8 8 8 8 8 8 8 8 8 8 8 8 8 8 8 8 8 8 8 8 8 8 8 8 3 3 3 3 3 3 3 3 3 3 2 2 2 2 2 2 2 2 2 2 10 2 10 2 2 2 2 2 2 2 2 2 2 2 2 2 2 2 2 2 3 3 3 3 3 3 3 3 3 3 3 3 10 9 9 10 10 9 9 9 10 9 10 10 10 8 10 10 9 10 10 10 10 10 10 10 7 9 10 10 10 10 9 10 10 10 10 10 9 10 9 9 10 10 9 9 10 9 10 9 10 10 9 9 9 9 9 9 9 9 9 9 7 7 7 7
1 1 1 1 1 1 1 1 1 1 1 1 1 1 1 5 1 7 1 1 1 1 1 1 1 1 1 1 1 1 1 1 5 1 1 1 1 1 1 1 1 1 1 1 1 5 1 1 1 1 6 6 6 6 6 6 6 6 6 6 6 6 6 6 1 1 1 1 1 1 1 1 1 1 1 1 1 1 1 1 1 1 1 1 1 1 1 5 1 1 1 1 4 4 4 4 4 4 4 4 4 7 7 7 7 7 7 7 7 8 8 8 8 8 8 8 8 8 8 8 8 8 8 8 8 8 8 8 8 8 8 8 8 8 8 8 8 8 8 8 8 8 8 8 8 8 8 8 8 8 8 8 3 3 3 3 3 3 3 3 3 3 2 2 2 2 2 2 2 2 2 2 10 2 10 2 2 2 2 2 2 2 2 2 2 2 2 2 2 2 2 2 3 3 3 3 3 3 3 3 3 3 3 3 10 9 9 10 10 9 9 9 10 9 10 10 10 8 10 10 9 10 10 10 10 10 10 10 7 9 10 10 10 10 9 10 10 10 10 10 9 10 9 9 10 10 9 9 10 9 10 9 10 10 9 9 9 9 9 9 9 9 9 9 7 7 7 7
1 1 1 1 1 1 1 1 1 1 1 1 1 1 1 3 1 7 1 1 1 1 1 1 1 1 1 1 1 1 1 1 3 1 1 1 1 1 1 1 1 1 1 1 1 3 1 1 1 1 6 6 6 6 6 6 6 6 6 6 6 6 6 6 1 1 1 1 1 1 1 1 1 1 1 1 1 1 1 1 1 1 1 1 1 1 1 3 1 1 1 1 2 2 2 2 2 2 2 2 2 7 7 7 7 7 7 7 7 8 8 8 8 8 8 8 8 8 8 8 8 8 8 8 8 8 8 8 8 8 8 8 8 8 8 8 8 8 8 8 8 8 8 8 8 8 8 8 8 8 8 8 5 5 5 5 5 5 5 5 5 5 4 4 4 4 4 4 4 4 4 4 10 4 10 4 4 4 4 4 4 4 4 4 4 4 4 4 4 4 4 4 5 5 5 5 5 5 5 5 5 5 5 5 10 9 9 10 10 9 9 9 10 9 10 10 10 8 10 10 9 10 10 10 10 10 10 10 7 9 10 10 10 10 9 10 10 10 10 10 9 10 9 9 10 10 9 9 10 9 10 9 10 10 9 9 9 9 9 9 9 9 9 9 7 7 7 7
1 1 1 1 1 1 1 1 1 1 1 1 1 1 1 4 1 7 1 1 1 1 1 1 1 1 1 1 1 1 1 1 4 1 1 1 1 1 1 1 1 1 1 1 1 4 1 1 1 1 6 6 6 6 6 6 6 6 6 6 6 6 6 6 1 1 1 1 1 1 1 1 1 1 1 1 1 1 1 1 1 1 1 1 1 1 1 4 1 1 1 1 3 3 3 3 3 3 3 3 3 7 7 7 7 7 7 7 7 8 8 8 8 8 8 8 8 8 8 8 8 8 8 8 8 8 8 8 8 8 8 8 8 8 8 8 8 8 8 8 8 8 8 8 8 8 8 8 8 8 8 8 5 5 5 5 5 5 5 5 5 5 2 2 2 2 2 2 2 2 2 2 10 2 10 2 2 2 2 2 2 2 2 2 2 2 2 2 2 2 2 2 5 5 5 5 5 5 5 5 5 5 5 5 10 9 9 10 10 9 9 9 10 9 10 10 10 8 10 10 9 10 10 10 10 10 10 10 7 9 10 10 10 10 9 10 10 10 10 10 9 10 9 9 10 10 9 9 10 9 10 9 10 10 9 9 9 9 9 9 9 9 9 9 7 7 7 7
1 1 1 1 1 1 1 1 1 1 1 1 1 1 1 7 1 10 1 1 1 1 1 1 1 1 1 1 1 1 1 1 7 1 1 1 1 1 1 1 1 1 1 1 1 7 1 1 1 1 9 9 9 9 9 9 9 9 9 9 9 9 9 9 1 1 1 1 1 1 1 1 1 1 1 1 1 1 1 1 1 1 1 1 1 1 1 7 1 1 1 1 6 6 6 6 6 6 6 6 6 10 10 10 10 10 10 10 10 4 4 4 4 4 4 4 4 4 4 4 4 4 4 4 4 4 4 4 4 4 4 4 4 4 4 4 4 4 4 4 4 4 4 4 4 4 4 4 4 4 4 4 8 8 8 8 8 8 8 8 8 8 5 5 5 5 5 5 5 5 5 5 3 5 3 5 5 5 5 5 5 5 5 5 5 5 5 5 5 5 5 5 8 8 8 8 8 8 8 8 8 8 8 8 3 2 2 3 3 2 2 2 3 2 3 3 3 4 3 3 2 3 3 3 3 3 3 3 10 2 3 3 3 3 2 3 3 3 3 3 2 3 2 2 3 3 2 2 3 2 3 2 3 3 2 2 2 2 2 2 2 2 2 2 10 10 10 10
1 1 1 1 1 1 1 1 1 1 1 1 1 1 1 8 1 10 1 1 1 1 1 1 1 1 1 1 1 1 1 1 8 1 1 1 1 1 1 1 1 1 1 1 1 8 1 1 1 1 9 9 9 9 9 9 9 9 9 9 9 9 9 9 1 1 1 1 1 1 1 1 1 1 1 1 1 1 1 1 1 1 1 1 1 1 1 8 1 1 1 1 7 7 7 7 7 7 7 7 7 10 10 10 10 10 10 10 10 4 4 4 4 4 4 4 4 4 4 4 4 4 4 4 4 4 4 4 4 4 4 4 4 4 4 4 4 4 4 4 4 4 4 4 4 4 4 4 4 4 4 4 6 6 6 6 6 6 6 6 6 6 5 5 5 5 5 5 5 5 5 5 3 5 3 5 5 5 5 5 5 5 5 5 5 5 5 5 5 5 5 5 6 6 6 6 6 6 6 6 6 6 6 6 3 2 2 3 3 2 2 2 3 2 3 3 3 4 3 3 2 3 3 3 3 3 3 3 10 2 3 3 3 3 2 3 3 3 3 3 2 3 2 2 3 3 2 2 3 2 3 2 3 3 2 2 2 2 2 2 2 2 2 2 10 10 10 10
1 1 1 1 1 1 1 1 1 1 1 1 1 1 1 4 1 7 1 1 1 1 1 1 1 1 1 1 1 1 1 1 4 1 1 1 1 1 1 1 1 1 1 1 1 4 1 1 1 1 6 6 6 6 6 6 6 6 6 6 6 6 6 6 1 1 1 1 1 1 1 1 1 1 1 1 1 1 1 1 1 1 1 1 1 1 1 4 1 1 1 1 3 3 3 3 3 3 3 3 3 7 7 7 7 7 7 7 7 8 8 8 8 8 8 8 8 8 8 8 8 8 8 8 8 8 8 8 8 8 8 8 8 8 8 8 8 8 8 8 8 8 8 8 8 8 8 8 8 8 8 8 5 5 5 5 5 5 5 5 5 5 2 2 2 2 2 2 2 2 2 2 10 2 10 2 2 2 2 2 2 2 2 2 2 2 2 2 2 2 2 2 5 5 5 5 5 5 5 5 5 5 5 5 10 9 9 10 10 9 9 9 10 9 10 10 10 8 10 10 9 10 10 10 10 10 10 10 7 9 10 10 10 10 9 10 10 10 10 10 9 10 9 9 10 10 9 9 10 9 10 9 10 10 9 9 9 9 9 9 9 9 9 9 7 7 7 7
1 1 1 1 1 1 1 1 1 1 1 1 1 1 1 5 1 7 1 1 1 1 1 1 1 1 1 1 1 1 1 1 5 1 1 1 1 1 1 1 1 1 1 1 1 5 1 1 1 1 6 6 6 6 6 6 6 6 6 6 6 6 6 6 1 1 1 1 1 1 1 1 1 1 1 1 1 1 1 1 1 1 1 1 1 1 1 5 1 1 1 1 4 4 4 4 4 4 4 4 4 7 7 7 7 7 7 7 7 8 8 8 8 8 8 8 8 8 8 8 8 8 8 8 8 8 8 8 8 8 8 8 8 8 8 8 8 8 8 8 8 8 8 8 8 8 8 8 8 8 8 8 3 3 3 3 3 3 3 3 3 3 2 2 2 2 2 2 2 2 2 2 10 2 10 2 2 2 2 2 2 2 2 2 2 2 2 2 2 2 2 2 3 3 3 3 3 3 3 3 3 3 3 3 10 9 9 10 10 9 9 9 10 9 10 10 10 8 10 10 9 10 10 10 10 10 10 10 7 9 10 10 10 10 9 10 10 10 10 10 9 10 9 9 10 10 9 9 10 9 10 9 10 10 9 9 9 9 9 9 9 9 9 9 7 7 7 7
1 1 1 1 1 1 1 1 1 1 1 1 1 1 1 3 1 7 1 1 1 1 1 1 1 1 1 1 1 1 1 1 3 1 1 1 1 1 1 1 1 1 1 1 1 3 1 1 1 1 6 6 6 6 6 6 6 6 6 6 6 6 6 6 1 1 1 1 1 1 1 1 1 1 1 1 1 1 1 1 1 1 1 1 1 1 1 3 1 1 1 1 2 2 2 2 2 2 2 2 2 7 7 7 7 7 7 7 7 8 8 8 8 8 8 8 8 8 8 8 8 8 8 8 8 8 8 8 8 8 8 8 8 8 8 8 8 8 8 8 8 8 8 8 8 8 8 8 8 8 8 8 5 5 5 5 5 5 5 5 5 5 4 4 4 4 4 4 4 4 4 4 9 4 9 4 4 4 4 4 4 4 4 4 4 4 4 4 4 4 4 4 5 5 5 5 5 5 5 5 5 5 5 5 10 10 10 10 10 10 10 10 10 10 10 10 10 8 10 10 10 10 10 10 10 10 10 10 7 10 10 10 10 10 10 10 10 10 10 10 10 10 10 10 10 10 10 10 10 10 10 10 10 10 10 10 10 10 10 10 10 10 10 10 7 7 7 7
1 1 1 1 1 1 1 1 1 1 1 1 1 1 1 3 1 7 1 1 1 1 1 1 1 1 1 1 1 1 1 1 3 1 1 1 1 1 1 1 1 1 1 1 1 3 1 1 1 1 6 6 6 6 6 6 6 6 6 6 6 6 6 6 1 1 1 1 1 1 1 1 1 1 1 1 1 1 1 1 1 1 1 1 1 1 1 3 1 1 1 1 2 2 2 2 2 2 2 2 2 7 7 7 7 7 7 7 7 8 8 8 8 8 8 8 8 8 8 8 8 8 8 8 8 8 8 8 8 8 8 8 8 8 8 8 8 8 8 8 8 8 8 8 8 8 8 8 8 8 8 8 5 5 5 5 5 5 5 5 5 5 4 4 4 4 4 4 4 4 4 4 10 4 10 4 4 4 4 4 4 4 4 4 4 4 4 4 4 4 4 4 5 5 5 5 5 5 5 5 5 5 5 5 10 9 9 10 10 9 9 9 10 9 10 10 10 8 10 10 9 10 10 10 10 10 10 10 7 9 10 10 10 10 9 10 10 10 10 10 9 10 9 9 10 10 9 9 10 9 10 9 10 10 9 9 9 9 9 9 9 9 9 9 7 7 7 7
1 1 1 1 1 1 1 1 1 1 1 1 1 1 1 8 1 10 1 1 1 1 1 1 1 1 1 1 1 1 1 1 8 1 1 1 1 1 1 1 1 1 1 1 1 8 1 1 1 1 9 9 9 9 9 9 9 9 9 9 9 9 9 9 1 1 1 1 1 1 1 1 1 1 1 1 1 1 1 1 1 1 1 1 1 1 1 8 1 1 1 1 7 7 7 7 7 7 7 7 7 10 10 10 10 10 10 10 10 4 4 4 4 4 4 4 4 4 4 4 4 4 4 4 4 4 4 4 4 4 4 4 4 4 4 4 4 4 4 4 4 4 4 4 4 4 4 4 4 4 4 4 6 6 6 6 6 6 6 6 6 6 5 5 5 5 5 5 5 5 5 5 3 5 3 5 5 5 5 5 5 5 5 5 5 5 5 5 5 5 5 5 6 6 6 6 6 6 6 6 6 6 6 6 3 2 2 3 3 2 2 2 3 2 3 3 3 4 3 3 2 3 3 3 3 3 3 3 10 2 3 3 3 3 2 3 3 3 3 3 2 3 2 2 3 3 2 2 3 2 3 2 3 3 2 2 2 2 2 2 2 2 2 2 10 10 10 10
1 1 1 1 1 1 1 1 1 1 1 1 1 1 1 4 1 7 1 1 1 1 1 1 1 1 1 1 1 1 1 1 4 1 1 1 1 1 1 1 1 1 1 1 1 4 1 1 1 1 6 6 6 6 6 6 6 6 6 6 6 6 6 6 1 1 1 1 1 1 1 1 1 1 1 1 1 1 1 1 1 1 1 1 1 1 1 4 1 1 1 1 3 3 3 3 3 3 3 3 3 7 7 7 7 7 7 7 7 8 8 8 8 8 8 8 8 8 8 8 8 8 8 8 8 8 8 8 8 8 8 8 8 8 8 8 8 8 8 8 8 8 8 8 8 8 8 8 8 8 8 8 5 5 5 5 5 5 5 5 5 5 2 2 2 2 2 2 2 2 2 2 10 2 10 2 2 2 2 2 2 2 2 2 2 2 2 2 2 2 2 2 5 5 5 5 5 5 5 5 5 5 5 5 10 9 9 10 10 9 9 9 10 9 10 10 10 8 10 10 9 10 10 10 10 10 10 10 7 9 10 10 10 10 9 10 10 10 10 10 9 10 9 9 10 10 9 9 10 9 10 9 10 10 9 9 9 9 9 9 9 9 9 9 7 7 7 7
1 1 1 1 1 1 1 1 1 1 1 1 1 1 1 5 1 7 1 1 1 1 1 1 1 1 1 1 1 1 1 1 5 1 1 1 1 1 1 1 1 1 1 1 1 5 1 1 1 1 6 6 6 6 6 6 6 6 6 6 6 6 6 6 1 1 1 1 1 1 1 1 1 1 1 1 1 1 1 1 1 1 1 1 1 1 1 5 1 1 1 1 4 4 4 4 4 4 4 4 4 7 7 7 7 7 7 7 7 8 8 8 8 8 8 8 8 8 8 8 8 8 8 8 8 8 8 8 8 8 8 8 8 8 8 8 8 8 8 8 8 8 8 8 8 8 8 8 8 8 8 8 3 3 3 3 3 3 3 3 3 3 2 2 2 2 2 2 2 2 2 2 10 2 10 2 2 2 2 2 2 2 2 2 2 2 2 2 2 2 2 2 3 3 3 3 3 3 3 3 3 3 3 3 10 9 9 10 10 9 9 9 10 9 10 10 10 8 10 10 9 10 10 10 10 10 10 10 7 9 10 10 10 10 9 10 10 10 10 10 9 10 9 9 10 10 9 9 10 9 10 9 10 10 9 9 9 9 9 9 9 9 9 9 7 7 7 7
1 1 1 1 1 1 1 1 1 1 1 1 1 1 1 5 1 7 1 1 1 1 1 1 1 1 1 1 1 1 1 1 5 1 1 1 1 1 1 1 1 1 1 1 1 5 1 1 1 1 6 6 6 6 6 6 6 6 6 6 6 6 6 6 1 1 1 1 1 1 1 1 1 1 1 1 1 1 1 1 1 1 1 1 1 1 1 5 1 1 1 1 4 4 4 4 4 4 4 4 4 7 7 7 7 7 7 7 7 8 8 8 8 8 8 8 8 8 8 8 8 8 8 8 8 8 8 8 8 8 8 8 8 8 8 8 8 8 8 8 8 8 8 8 8 8 8 8 8 8 8 8 3 3 3 3 3 3 3 3 3 3 2 2 2 2 2 2 2 2 2 2 10 2 10 2 2 2 2 2 2 2 2 2 2 2 2 2 2 2 2 2 3 3 3 3 3 3 3 3 3 3 3 3 10 9 9 10 10 9 9 9 10 9 10 10 10 8 10 10 9 10 10 10 10 10 10 10 7 9 10 10 10 10 9 10 10 10 10 10 9 10 9 9 10 10 9 9 10 9 10 9 10 10 9 9 9 9 9 9 9 9 9 9 7 7 7 7
1 1 1 1 1 1 1 1 1 1 1 1 1 1 1 4 1 7 1 1 1 1 1 1 1 1 1 1 1 1 1 1 4 1 1 1 1 1 1 1 1 1 1 1 1 4 1 1 1 1 6 6 6 6 6 6 6 6 6 6 6 6 6 6 1 1 1 1 1 1 1 1 1 1 1 1 1 1 1 1 1 1 1 1 1 1 1 4 1 1 1 1 3 3 3 3 3 3 3 3 3 7 7 7 7 7 7 7 7 8 8 8 8 8 8 8 8 8 8 8 8 8 8 8 8 8 8 8 8 8 8 8 8 8 8 8 8 8 8 8 8 8 8 8 8 8 8 8 8 8 8 8 5 5 5 5 5 5 5 5 5 5 2 2 2 2 2 2 2 2 2 2 10 2 10 2 2 2 2 2 2 2 2 2 2 2 2 2 2 2 2 2 5 5 5 5 5 5 5 5 5 5 5 5 10 9 9 10 10 9 9 9 10 9 10 10 10 8 10 10 9 10 10 10 10 10 10 10 7 9 10 10 10 10 9 10 10 10 10 10 9 10 9 9 10 10 9 9 10 9 10 9 10 10 9 9 9 9 9 9 9 9 9 9 7 7 7 7
1 1 1 1 1 1 1 1 1 1 1 1 1 1 1 3 1 7 1 1 1 1 1 1 1 1 1 1 1 1 1 1 3 1 1 1 1 1 1 1 1 1 1 1 1 3 1 1 1 1 6 6 6 6 6 6 6 6 6 6 6 6 6 6 1 1 1 1 1 1 1 1 1 1 1 1 1 1 1 1 1 1 1 1 1 1 1 3 1 1 1 1 2 2 2 2 2 2 2 2 2 7 7 7 7 7 7 7 7 8 8 8 8 8 8 8 8 8 8 8 8 8 8 8 8 8 8 8 8 8 8 8 8 8 8 8 8 8 8 8 8 8 8 8 8 8 8 8 8 8 8 8 5 5 5 5 5 5 5 5 5 5 4 4 4 4 4 4 4 4 4 4 10 4 10 4 4 4 4 4 4 4 4 4 4 4 4 4 4 4 4 4 5 5 5 5 5 5 5 5 5 5 5 5 10 9 9 10 10 9 9 9 10 9 10 10 10 8 10 10 9 10 10 10 10 10 10 10 7 9 10 10 10 10 9 10 10 10 10 10 9 10 9 9 10 10 9 9 10 9 10 9 10 10 9 9 9 9 9 9 9 9 9 9 7 7 7 7
1 1 1 1 1 1 1 1 1 1 1 1 1 1 1 4 1 7 1 1 1 1 1 1 1 1 1 1 1 1 1 1 4 1 1 1 1 1 1 1 1 1 1 1 1 4 1 1 1 1 6 6 6 6 6 6 6 6 6 6 6 6 6 6 1 1 1 1 1 1 1 1 1 1 1 1 1 1 1 1 1 1 1 1 1 1 1 4 1 1 1 1 3 3 3 3 3 3 3 3 3 7 7 7 7 7 7 7 7 8 8 8 8 8 8 8 8 8 8 8 8 8 8 8 8 8 8 8 8 8 8 8 8 8 8 8 8 8 8 8 8 8 8 8 8 8 8 8 8 8 8 8 5 5 5 5 5 5 5 5 5 5 2 2 2 2 2 2 2 2 2 2 10 2 10 2 2 2 2 2 2 2 2 2 2 2 2 2 2 2 2 2 5 5 5 5 5 5 5 5 5 5 5 5 10 9 9 10 10 9 9 9 10 9 10 10 10 8 10 10 9 10 10 10 10 10 10 10 7 9 10 10 10 10 9 10 10 10 10 10 9 10 9 9 10 10 9 9 10 9 10 9 10 10 9 9 9 9 9 9 9 9 9 9 7 7 7 7
1 1 1 1 1 1 1 1 1 1 1 1 1 1 1 7 1 10 1 1 1 1 1 1 1 1 1 1 1 1 1 1 7 1 1 1 1 1 1 1 1 1 1 1 1 7 1 1 1 1 9 9 9 9 9 9 9 9 9 9 9 9 9 9 1 1 1 1 1 1 1 1 1 1 1 1 1 1 1 1 1 1 1 1 1 1 1 7 1 1 1 1 6 6 6 6 6 6 6 6 6 10 10 10 10 10 10 10 10 4 4 4 4 4 4 4 4 4 4 4 4 4 4 4 4 4 4 4 4 4 4 4 4 4 4 4 4 4 4 4 4 4 4 4 4 4 4 4 4 4 4 4 8 8 8 8 8 8 8 8 8 8 5 5 5 5 5 5 5 5 5 5 3 5 3 5 5 5 5 5 5 5 5 5 5 5 5 5 5 5 5 5 8 8 8 8 8 8 8 8 8 8 8 8 3 2 2 3 3 2 2 2 3 2 3 3 3 4 3 3 2 3 3 3 3 3 3 3 10 2 3 3 3 3 2 3 3 3 3 3 2 3 2 2 3 3 2 2 3 2 3 2 3 3 2 2 2 2 2 2 2 2 2 2 10 10 10 10
1 1 1 1 1 1 1 1 1 1 1 1 1 1 1 5 1 7 1 1 1 1 1 1 1 1 1 1 1 1 1 1 5 1 1 1 1 1 1 1 1 1 1 1 1 5 1 1 1 1 6 6 6 6 6 6 6 6 6 6 6 6 6 6 1 1 1 1 1 1 1 1 1 1 1 1 1 1 1 1 1 1 1 1 1 1 1 5 1 1 1 1 4 4 4 4 4 4 4 4 4 7 7 7 7 7 7 7 7 8 8 8 8 8 8 8 8 8 8 8 8 8 8 8 8 8 8 8 8 8 8 8 8 8 8 8 8 8 8 8 8 8 8 8 8 8 8 8 8 8 8 8 3 3 3 3 3 3 3 3 3 3 2 2 2 2 2 2 2 2 2 2 10 2 10 2 2 2 2 2 2 2 2 2 2 2 2 2 2 2 2 2 3 3 3 3 3 3 3 3 3 3 3 3 10 9 9 10 10 9 9 9 10 9 10 10 10 8 10 10 9 10 10 10 10 10 10 10 7 9 10 10 10 10 9 10 10 10 10 10 9 10 9 9 10 10 9 9 10 9 10 9 10 10 9 9 9 9 9 9 9 9 9 9 7 7 7 7
1 1 1 1 1 1 1 1 1 1 1 1 1 1 1 4 1 7 1 1 1 1 1 1 1 1 1 1 1 1 1 1 4 1 1 1 1 1 1 1 1 1 1 1 1 4 1 1 1 1 6 6 6 6 6 6 6 6 6 6 6 6 6 6 1 1 1 1 1 1 1 1 1 1 1 1 1 1 1 1 1 1 1 1 1 1 1 4 1 1 1 1 3 3 3 3 3 3 3 3 3 7 7 7 7 7 7 7 7 8 8 8 8 8 8 8 8 8 8 8 8 8 8 8 8 8 8 8 8 8 8 8 8 8 8 8 8 8 8 8 8 8 8 8 8 8 8 8 8 8 8 8 5 5 5 5 5 5 5 5 5 5 2 2 2 2 2 2 2 2 2 2 10 2 10 2 2 2 2 2 2 2 2 2 2 2 2 2 2 2 2 2 5 5 5 5 5 5 5 5 5 5 5 5 10 9 9 10 10 9 9 9 10 9 10 10 10 8 10 10 9 10 10 10 10 10 10 10 7 9 10 10 10 10 9 10 10 10 10 10 9 10 9 9 10 10 9 9 10 9 10 9 10 10 9 9 9 9 9 9 9 9 9 9 7 7 7 7
1 1 1 1 1 1 1 1 1 1 1 1 1 1 1 4 1 7 1 1 1 1 1 1 1 1 1 1 1 1 1 1 4 1 1 1 1 1 1 1 1 1 1 1 1 4 1 1 1 1 6 6 6 6 6 6 6 6 6 6 6 6 6 6 1 1 1 1 1 1 1 1 1 1 1 1 1 1 1 1 1 1 1 1 1 1 1 4 1 1 1 1 3 3 3 3 3 3 3 3 3 7 7 7 7 7 7 7 7 8 8 8 8 8 8 8 8 8 8 8 8 8 8 8 8 8 8 8 8 8 8 8 8 8 8 8 8 8 8 8 8 8 8 8 8 8 8 8 8 8 8 8 5 5 5 5 5 5 5 5 5 5 2 2 2 2 2 2 2 2 2 2 10 2 10 2 2 2 2 2 2 2 2 2 2 2 2 2 2 2 2 2 5 5 5 5 5 5 5 5 5 5 5 5 10 9 9 10 10 9 9 9 10 9 10 10 10 8 10 10 9 10 10 10 10 10 10 10 7 9 10 10 10 10 9 10 10 10 10 10 9 10 9 9 10 10 9 9 10 9 10 9 10 10 9 9 9 9 9 9 9 9 9 9 7 7 7 7
1 1 1 1 1 1 1 1 1 1 1 1 1 1 1 4 1 7 1 1 1 1 1 1 1 1 1 1 1 1 1 1 4 1 1 1 1 1 1 1 1 1 1 1 1 4 1 1 1 1 6 6 6 6 6 6 6 6 6 6 6 6 6 6 1 1 1 1 1 1 1 1 1 1 1 1 1 1 1 1 1 1 1 1 1 1 1 4 1 1 1 1 3 3 3 3 3 3 3 3 3 7 7 7 7 7 7 7 7 8 8 8 8 8 8 8 8 8 8 8 8 8 8 8 8 8 8 8 8 8 8 8 8 8 8 8 8 8 8 8 8 8 8 8 8 8 8 8 8 8 8 8 5 5 5 5 5 5 5 5 5 5 2 2 2 2 2 2 2 2 2 2 10 2 10 2 2 2 2 2 2 2 2 2 2 2 2 2 2 2 2 2 5 5 5 5 5 5 5 5 5 5 5 5 10 9 9 10 10 9 9 9 10 9 10 10 10 8 10 10 9 10 10 10 10 10 10 10 7 9 10 10 10 10 9 10 10 10 10 10 9 10 9 9 10 10 9 9 10 9 10 9 10 10 9 9 9 9 9 9 9 9 9 9 7 7 7 7
1 1 1 1 1 1 1 1 1 1 1 1 1 1 1 4 1 7 1 1 1 1 1 1 1 1 1 1 1 1 1 1 4 1 1 1 1 1 1 1 1 1 1 1 1 4 1 1 1 1 6 6 6 6 6 6 6 6 6 6 6 6 6 6 1 1 1 1 1 1 1 1 1 1 1 1 1 1 1 1 1 1 1 1 1 1 1 4 1 1 1 1 3 3 3 3 3 3 3 3 3 7 7 7 7 7 7 7 7 8 8 8 8 8 8 8 8 8 8 8 8 8 8 8 8 8 8 8 8 8 8 8 8 8 8 8 8 8 8 8 8 8 8 8 8 8 8 8 8 8 8 8 5 5 5 5 5 5 5 5 5 5 2 2 2 2 2 2 2 2 2 2 10 2 10 2 2 2 2 2 2 2 2 2 2 2 2 2 2 2 2 2 5 5 5 5 5 5 5 5 5 5 5 5 10 9 9 10 10 9 9 9 10 9 10 10 10 8 10 10 9 10 10 10 10 10 10 10 7 9 10 10 10 10 9 10 10 10 10 10 9 10 9 9 10 10 9 9 10 9 10 9 10 10 9 9 9 9 9 9 9 9 9 9 7 7 7 7
1 1 1 1 1 1 1 1 1 1 1 1 1 1 1 7 1 10 1 1 1 1 1 1 1 1 1 1 1 1 1 1 7 1 1 1 1 1 1 1 1 1 1 1 1 7 1 1 1 1 9 9 9 9 9 9 9 9 9 9 9 9 9 9 1 1 1 1 1 1 1 1 1 1 1 1 1 1 1 1 1 1 1 1 1 1 1 7 1 1 1 1 6 6 6 6 6 6 6 6 6 10 10 10 10 10 10 10 10 4 4 4 4 4 4 4 4 4 4 4 4 4 4 4 4 4 4 4 4 4 4 4 4 4 4 4 4 4 4 4 4 4 4 4 4 4 4 4 4 4 4 4 8 8 8 8 8 8 8 8 8 8 5 5 5 5 5 5 5 5 5 5 3 5 3 5 5 5 5 5 5 5 5 5 5 5 5 5 5 5 5 5 8 8 8 8 8 8 8 8 8 8 8 8 3 2 2 3 3 2 2 2 3 2 3 3 3 4 3 3 2 3 3 3 3 3 3 3 10 2 3 3 3 3 2 3 3 3 3 3 2 3 2 2 3 3 2 2 3 2 3 2 3 3 2 2 2 2 2 2 2 2 2 2 10 10 10 10
1 1 1 1 1 1 1 1 1 1 1 1 1 1 1 5 1 7 1 1 1 1 1 1 1 1 1 1 1 1 1 1 5 1 1 1 1 1 1 1 1 1 1 1 1 5 1 1 1 1 6 6 6 6 6 6 6 6 6 6 6 6 6 6 1 1 1 1 1 1 1 1 1 1 1 1 1 1 1 1 1 1 1 1 1 1 1 5 1 1 1 1 4 4 4 4 4 4 4 4 4 7 7 7 7 7 7 7 7 8 8 8 8 8 8 8 8 8 8 8 8 8 8 8 8 8 8 8 8 8 8 8 8 8 8 8 8 8 8 8 8 8 8 8 8 8 8 8 8 8 8 8 3 3 3 3 3 3 3 3 3 3 2 2 2 2 2 2 2 2 2 2 10 2 10 2 2 2 2 2 2 2 2 2 2 2 2 2 2 2 2 2 3 3 3 3 3 3 3 3 3 3 3 3 10 9 9 10 10 9 9 9 10 9 10 10 10 8 10 10 9 10 10 10 10 10 10 10 7 9 10 10 10 10 9 10 10 10 10 10 9 10 9 9 10 10 9 9 10 9 10 9 10 10 9 9 9 9 9 9 9 9 9 9 7 7 7 7
1 1 1 1 1 1 1 1 1 1 1 1 1 1 1 7 1 10 1 1 1 1 1 1 1 1 1 1 1 1 1 1 7 1 1 1 1 1 1 1 1 1 1 1 1 7 1 1 1 1 9 9 9 9 9 9 9 9 9 9 9 9 9 9 1 1 1 1 1 1 1 1 1 1 1 1 1 1 1 1 1 1 1 1 1 1 1 7 1 1 1 1 6 6 6 6 6 6 6 6 6 10 10 10 10 10 10 10 10 4 4 4 4 4 4 4 4 4 4 4 4 4 4 4 4 4 4 4 4 4 4 4 4 4 4 4 4 4 4 4 4 4 4 4 4 4 4 4 4 4 4 4 8 8 8 8 8 8 8 8 8 8 5 5 5 5 5 5 5 5 5 5 3 5 3 5 5 5 5 5 5 5 5 5 5 5 5 5 5 5 5 5 8 8 8 8 8 8 8 8 8 8 8 8 3 2 2 3 3 2 2 2 3 2 3 3 3 4 3 3 2 3 3 3 3 3 3 3 10 2 3 3 3 3 2 3 3 3 3 3 2 3 2 2 3 3 2 2 3 2 3 2 3 3 2 2 2 2 2 2 2 2 2 2 10 10 10 10
1 1 1 1 1 1 1 1 1 1 1 1 1 1 1 3 1 7 1 1 1 1 1 1 1 1 1 1 1 1 1 1 3 1 1 1 1 1 1 1 1 1 1 1 1 3 1 1 1 1 6 6 6 6 6 6 6 6 6 6 6 6 6 6 1 1 1 1 1 1 1 1 1 1 1 1 1 1 1 1 1 1 1 1 1 1 1 3 1 1 1 1 2 2 2 2 2 2 2 2 2 7 7 7 7 7 7 7 7 8 8 8 8 8 8 8 8 8 8 8 8 8 8 8 8 8 8 8 8 8 8 8 8 8 8 8 8 8 8 8 8 8 8 8 8 8 8 8 8 8 8 8 5 5 5 5 5 5 5 5 5 5 4 4 4 4 4 4 4 4 4 4 10 4 10 4 4 4 4 4 4 4 4 4 4 4 4 4 4 4 4 4 5 5 5 5 5 5 5 5 5 5 5 5 10 9 9 10 10 9 9 9 10 9 10 10 10 8 10 10 9 10 10 10 10 10 10 10 7 9 10 10 10 10 9 10 10 10 10 10 9 10 9 9 10 10 9 9 10 9 10 9 10 10 9 9 9 9 9 9 9 9 9 9 7 7 7 7
1 1 1 1 1 1 1 1 1 1 1 1 1 1 1 7 1 10 1 1 1 1 1 1 1 1 1 1 1 1 1 1 7 1 1 1 1 1 1 1 1 1 1 1 1 7 1 1 1 1 9 9 9 9 9 9 9 9 9 9 9 9 9 9 1 1 1 1 1 1 1 1 1 1 1 1 1 1 1 1 1 1 1 1 1 1 1 7 1 1 1 1 6 6 6 6 6 6 6 6 6 10 10 10 10 10 10 10 10 4 4 4 4 4 4 4 4 4 4 4 4 4 4 4 4 4 4 4 4 4 4 4 4 4 4 4 4 4 4 4 4 4 4 4 4 4 4 4 4 4 4 4 8 8 8 8 8 8 8 8 8 8 5 5 5 5 5 5 5 5 5 5 3 5 3 5 5 5 5 5 5 5 5 5 5 5 5 5 5 5 5 5 8 8 8 8 8 8 8 8 8 8 8 8 3 2 2 3 3 2 2 2 3 2 3 3 3 4 3 3 2 3 3 3 3 3 3 3 10 2 3 3 3 3 2 3 3 3 3 3 2 3 2 2 3 3 2 2 3 2 3 2 3 3 2 2 2 2 2 2 2 2 2 2 10 10 10 10
1 1 1 1 1 1 1 1 1 1 1 1 1 1 1 5 1 7 1 1 1 1 1 1 1 1 1 1 1 1 1 1 5 1 1 1 1 1 1 1 1 1 1 1 1 5 1 1 1 1 6 6 6 6 6 6 6 6 6 6 6 6 6 6 1 1 1 1 1 1 1 1 1 1 1 1 1 1 1 1 1 1 1 1 1 1 1 5 1 1 1 1 4 4 4 4 4 4 4 4 4 7 7 7 7 7 7 7 7 8 8 8 8 8 8 8 8 8 8 8 8 8 8 8 8 8 8 8 8 8 8 8 8 8 8 8 8 8 8 8 8 8 8 8 8 8 8 8 8 8 8 8 3 3 3 3 3 3 3 3 3 3 2 2 2 2 2 2 2 2 2 2 10 2 10 2 2 2 2 2 2 2 2 2 2 2 2 2 2 2 2 2 3 3 3 3 3 3 3 3 3 3 3 3 10 9 9 10 10 9 9 9 10 9 10 10 10 8 10 10 9 10 10 10 10 10 10 10 7 9 10 10 10 10 9 10 10 10 10 10 9 10 9 9 10 10 9 9 10 9 10 9 10 10 9 9 9 9 9 9 9 9 9 9 7 7 7 7
1 1 1 1 1 1 1 1 1 1 1 1 1 1 1 4 1 7 1 1 1 1 1 1 1 1 1 1 1 1 1 1 4 1 1 1 1 1 1 1 1 1 1 1 1 4 1 1 1 1 6 6 6 6 6 6 6 6 6 6 6 6 6 6 1 1 1 1 1 1 1 1 1 1 1 1 1 1 1 1 1 1 1 1 1 1 1 4 1 1 1 1 3 3 3 3 3 3 3 3 3 7 7 7 7 7 7 7 7 8 8 8 8 8 8 8 8 8 8 8 8 8 8 8 8 8 8 8 8 8 8 8 8 8 8 8 8 8 8 8 8 8 8 8 8 8 8 8 8 8 8 8 5 5 5 5 5 5 5 5 5 5 2 2 2 2 2 2 2 2 2 2 9 2 9 2 2 2 2 2 2 2 2 2 2 2 2 2 2 2 2 2 5 5 5 5 5 5 5 5 5 5 5 5 9 10 10 9 9 10 10 10 9 10 9 9 9 8 9 9 10 9 9 9 9 9 9 9 7 10 9 9 9 9 10 9 9 9 9 9 10 9 10 10 9 9 10 10 9 10 9 10 9 9 10 10 10 10 10 10 10 10 10 10 7 7 7 7
1 1 1 1 1 1 1 1 1 1 1 1 1 1 1 4 1 7 1 1 1 1 1 1 1 1 1 1 1 1 1 1 4 1 1 1 1 1 1 1 1 1 1 1 1 4 1 1 1 1 6 6 6 6 6 6 6 6 6 6 6 6 6 6 1 1 1 1 1 1 1 1 1 1 1 1 1 1 1 1 1 1 1 1 1 1 1 4 1 1 1 1 3 3 3 3 3 3 3 3 3 7 7 7 7 7 7 7 7 8 8 8 8 8 8 8 8 8 8 8 8 8 8 8 8 8 8 8 8 8 8 8 8 8 8 8 8 8 8 8 8 8 8 8 8 8 8 8 8 8 8 8 5 5 5 5 5 5 5 5 5 5 2 2 2 2 2 2 2 2 2 2 10 2 10 2 2 2 2 2 2 2 2 2 2 2 2 2 2 2 2 2 5 5 5 5 5 5 5 5 5 5 5 5 10 9 9 10 10 9 9 9 10 9 10 10 10 8 10 10 9 10 10 10 10 10 10 10 7 9 10 10 10 10 9 10 10 10 10 10 9 10 9 9 10 10 9 9 10 9 10 9 10 10 9 9 9 9 9 9 9 9 9 9 7 7 7 7
1 1 1 1 1 1 1 1 1 1 1 1 1 1 1 8 1 10 1 1 1 1 1 1 1 1 1 1 1 1 1 1 8 1 1 1 1 1 1 1 1 1 1 1 1 8 1 1 1 1 9 9 9 9 9 9 9 9 9 9 9 9 9 9 1 1 1 1 1 1 1 1 1 1 1 1 1 1 1 1 1 1 1 1 1 1 1 8 1 1 1 1 7 7 7 7 7 7 7 7 7 10 10 10 10 10 10 10 10 4 4 4 4 4 4 4 4 4 4 4 4 4 4 4 4 4 4 4 4 4 4 4 4 4 4 4 4 4 4 4 4 4 4 4 4 4 4 4 4 4 4 4 6 6 6 6 6 6 6 6 6 6 5 5 5 5 5 5 5 5 5 5 3 5 3 5 5 5 5 5 5 5 5 5 5 5 5 5 5 5 5 5 6 6 6 6 6 6 6 6 6 6 6 6 3 2 2 3 3 2 2 2 3 2 3 3 3 4 3 3 2 3 3 3 3 3 3 3 10 2 3 3 3 3 2 3 3 3 3 3 2 3 2 2 3 3 2 2 3 2 3 2 3 3 2 2 2 2 2 2 2 2 2 2 10 10 10 10
1 1 1 1 1 1 1 1 1 1 1 1 1 1 1 4 1 7 1 1 1 1 1 1 1 1 1 1 1 1 1 1 4 1 1 1 1 1 1 1 1 1 1 1 1 4 1 1 1 1 6 6 6 6 6 6 6 6 6 6 6 6 6 6 1 1 1 1 1 1 1 1 1 1 1 1 1 1 1 1 1 1 1 1 1 1 1 4 1 1 1 1 3 3 3 3 3 3 3 3 3 7 7 7 7 7 7 7 7 8 8 8 8 8 8 8 8 8 8 8 8 8 8 8 8 8 8 8 8 8 8 8 8 8 8 8 8 8 8 8 8 8 8 8 8 8 8 8 8 8 8 8 5 5 5 5 5 5 5 5 5 5 2 2 2 2 2 2 2 2 2 2 10 2 10 2 2 2 2 2 2 2 2 2 2 2 2 2 2 2 2 2 5 5 5 5 5 5 5 5 5 5 5 5 10 9 9 10 10 9 9 9 10 9 10 10 10 8 10 10 9 10 10 10 10 10 10 10 7 9 10 10 10 10 9 10 10 10 10 10 9 10 9 9 10 10 9 9 10 9 10 9 10 10 9 9 9 9 9 9 9 9 9 9 7 7 7 7
1 1 1 1 1 1 1 1 1 1 1 1 1 1 1 8 1 10 1 1 1 1 1 1 1 1 1 1 1 1 1 1 8 1 1 1 1 1 1 1 1 1 1 1 1 8 1 1 1 1 9 9 9 9 9 9 9 9 9 9 9 9 9 9 1 1 1 1 1 1 1 1 1 1 1 1 1 1 1 1 1 1 1 1 1 1 1 8 1 1 1 1 7 7 7 7 7 7 7 7 7 10 10 10 10 10 10 10 10 4 4 4 4 4 4 4 4 4 4 4 4 4 4 4 4 4 4 4 4 4 4 4 4 4 4 4 4 4 4 4 4 4 4 4 4 4 4 4 4 4 4 4 6 6 6 6 6 6 6 6 6 6 5 5 5 5 5 5 5 5 5 5 3 5 3 5 5 5 5 5 5 5 5 5 5 5 5 5 5 5 5 5 6 6 6 6 6 6 6 6 6 6 6 6 3 2 2 3 3 2 2 2 3 2 3 3 3 4 3 3 2 3 3 3 3 3 3 3 10 2 3 3 3 3 2 3 3 3 3 3 2 3 2 2 3 3 2 2 3 2 3 2 3 3 2 2 2 2 2 2 2 2 2 2 10 10 10 10
1 1 1 1 1 1 1 1 1 1 1 1 1 1 1 8 1 10 1 1 1 1 1 1 1 1 1 1 1 1 1 1 8 1 1 1 1 1 1 1 1 1 1 1 1 8 1 1 1 1 9 9 9 9 9 9 9 9 9 9 9 9 9 9 1 1 1 1 1 1 1 1 1 1 1 1 1 1 1 1 1 1 1 1 1 1 1 8 1 1 1 1 7 7 7 7 7 7 7 7 7 10 10 10 10 10 10 10 10 4 4 4 4 4 4 4 4 4 4 4 4 4 4 4 4 4 4 4 4 4 4 4 4 4 4 4 4 4 4 4 4 4 4 4 4 4 4 4 4 4 4 4 6 6 6 6 6 6 6 6 6 6 5 5 5 5 5 5 5 5 5 5 3 5 3 5 5 5 5 5 5 5 5 5 5 5 5 5 5 5 5 5 6 6 6 6 6 6 6 6 6 6 6 6 3 2 2 3 3 2 2 2 3 2 3 3 3 4 3 3 2 3 3 3 3 3 3 3 10 2 3 3 3 3 2 3 3 3 3 3 2 3 2 2 3 3 2 2 3 2 3 2 3 3 2 2 2 2 2 2 2 2 2 2 10 10 10 10
1 1 1 1 1 1 1 1 1 1 1 1 1 1 1 4 1 7 1 1 1 1 1 1 1 1 1 1 1 1 1 1 4 1 1 1 1 1 1 1 1 1 1 1 1 4 1 1 1 1 6 6 6 6 6 6 6 6 6 6 6 6 6 6 1 1 1 1 1 1 1 1 1 1 1 1 1 1 1 1 1 1 1 1 1 1 1 4 1 1 1 1 3 3 3 3 3 3 3 3 3 7 7 7 7 7 7 7 7 8 8 8 8 8 8 8 8 8 8 8 8 8 8 8 8 8 8 8 8 8 8 8 8 8 8 8 8 8 8 8 8 8 8 8 8 8 8 8 8 8 8 8 5 5 5 5 5 5 5 5 5 5 2 2 2 2 2 2 2 2 2 2 10 2 10 2 2 2 2 2 2 2 2 2 2 2 2 2 2 2 2 2 5 5 5 5 5 5 5 5 5 5 5 5 10 9 9 10 10 9 9 9 10 9 10 10 10 8 10 10 9 10 10 10 10 10 10 10 7 9 10 10 10 10 9 10 10 10 10 10 9 10 9 9 10 10 9 9 10 9 10 9 10 10 9 9 9 9 9 9 9 9 9 9 7 7 7 7
1 1 1 1 1 1 1 1 1 1 1 1 1 1 1 7 1 10 1 1 1 1 1 1 1 1 1 1 1 1 1 1 7 1 1 1 1 1 1 1 1 1 1 1 1 7 1 1 1 1 9 9 9 9 9 9 9 9 9 9 9 9 9 9 1 1 1 1 1 1 1 1 1 1 1 1 1 1 1 1 1 1 1 1 1 1 1 7 1 1 1 1 6 6 6 6 6 6 6 6 6 10 10 10 10 10 10 10 10 4 4 4 4 4 4 4 4 4 4 4 4 4 4 4 4 4 4 4 4 4 4 4 4 4 4 4 4 4 4 4 4 4 4 4 4 4 4 4 4 4 4 4 8 8 8 8 8 8 8 8 8 8 5 5 5 5 5 5 5 5 5 5 3 5 3 5 5 5 5 5 5 5 5 5 5 5 5 5 5 5 5 5 8 8 8 8 8 8 8 8 8 8 8 8 3 2 2 3 3 2 2 2 3 2 3 3 3 4 3 3 2 3 3 3 3 3 3 3 10 2 3 3 3 3 2 3 3 3 3 3 2 3 2 2 3 3 2 2 3 2 3 2 3 3 2 2 2 2 2 2 2 2 2 2 10 10 10 10
1 1 1 1 1 1 1 1 1 1 1 1 1 1 1 4 1 7 1 1 1 1 1 1 1 1 1 1 1 1 1 1 4 1 1 1 1 1 1 1 1 1 1 1 1 4 1 1 1 1 6 6 6 6 6 6 6 6 6 6 6 6 6 6 1 1 1 1 1 1 1 1 1 1 1 1 1 1 1 1 1 1 1 1 1 1 1 4 1 1 1 1 3 3 3 3 3 3 3 3 3 7 7 7 7 7 7 7 7 8 8 8 8 8 8 8 8 8 8 8 8 8 8 8 8 8 8 8 8 8 8 8 8 8 8 8 8 8 8 8 8 8 8 8 8 8 8 8 8 8 8 8 5 5 5 5 5 5 5 5 5 5 2 2 2 2 2 2 2 2 2 2 10 2 10 2 2 2 2 2 2 2 2 2 2 2 2 2 2 2 2 2 5 5 5 5 5 5 5 5 5 5 5 5 10 9 9 10 10 9 9 9 10 9 10 10 10 8 10 10 9 10 10 10 10 10 10 10 7 9 10 10 10 10 9 10 10 10 10 10 9 10 9 9 10 10 9 9 10 9 10 9 10 10 9 9 9 9 9 9 9 9 9 9 7 7 7 7
1 1 1 1 1 1 1 1 1 1 1 1 1 1 1 5 1 7 1 1 1 1 1 1 1 1 1 1 1 1 1 1 5 1 1 1 1 1 1 1 1 1 1 1 1 5 1 1 1 1 6 6 6 6 6 6 6 6 6 6 6 6 6 6 1 1 1 1 1 1 1 1 1 1 1 1 1 1 1 1 1 1 1 1 1 1 1 5 1 1 1 1 4 4 4 4 4 4 4 4 4 7 7 7 7 7 7 7 7 8 8 8 8 8 8 8 8 8 8 8 8 8 8 8 8 8 8 8 8 8 8 8 8 8 8 8 8 8 8 8 8 8 8 8 8 8 8 8 8 8 8 8 3 3 3 3 3 3 3 3 3 3 2 2 2 2 2 2 2 2 2 2 10 2 10 2 2 2 2 2 2 2 2 2 2 2 2 2 2 2 2 2 3 3 3 3 3 3 3 3 3 3 3 3 10 9 9 10 10 9 9 9 10 9 10 10 10 8 10 10 9 10 10 10 10 10 10 10 7 9 10 10 10 10 9 10 10 10 10 10 9 10 9 9 10 10 9 9 10 9 10 9 10 10 9 9 9 9 9 9 9 9 9 9 7 7 7 7
1 1 1 1 1 1 1 1 1 1 1 1 1 1 1 7 1 10 1 1 1 1 1 1 1 1 1 1 1 1 1 1 7 1 1 1 1 1 1 1 1 1 1 1 1 7 1 1 1 1 9 9 9 9 9 9 9 9 9 9 9 9 9 9 1 1 1 1 1 1 1 1 1 1 1 1 1 1 1 1 1 1 1 1 1 1 1 7 1 1 1 1 6 6 6 6 6 6 6 6 6 10 10 10 10 10 10 10 10 4 4 4 4 4 4 4 4 4 4 4 4 4 4 4 4 4 4 4 4 4 4 4 4 4 4 4 4 4 4 4 4 4 4 4 4 4 4 4 4 4 4 4 8 8 8 8 8 8 8 8 8 8 5 5 5 5 5 5 5 5 5 5 3 5 3 5 5 5 5 5 5 5 5 5 5 5 5 5 5 5 5 5 8 8 8 8 8 8 8 8 8 8 8 8 3 2 2 3 3 2 2 2 3 2 3 3 3 4 3 3 2 3 3 3 3 3 3 3 10 2 3 3 3 3 2 3 3 3 3 3 2 3 2 2 3 3 2 2 3 2 3 2 3 3 2 2 2 2 2 2 2 2 2 2 10 10 10 10
1 1 1 1 1 1 1 1 1 1 1 1 1 1 1 4 1 7 1 1 1 1 1 1 1 1 1 1 1 1 1 1 4 1 1 1 1 1 1 1 1 1 1 1 1 4 1 1 1 1 6 6 6 6 6 6 6 6 6 6 6 6 6 6 1 1 1 1 1 1 1 1 1 1 1 1 1 1 1 1 1 1 1 1 1 1 1 4 1 1 1 1 3 3 3 3 3 3 3 3 3 7 7 7 7 7 7 7 7 8 8 8 8 8 8 8 8 8 8 8 8 8 8 8 8 8 8 8 8 8 8 8 8 8 8 8 8 8 8 8 8 8 8 8 8 8 8 8 8 8 8 8 5 5 5 5 5 5 5 5 5 5 2 2 2 2 2 2 2 2 2 2 10 2 10 2 2 2 2 2 2 2 2 2 2 2 2 2 2 2 2 2 5 5 5 5 5 5 5 5 5 5 5 5 10 9 9 10 10 9 9 9 10 9 10 10 10 8 10 10 9 10 10 10 10 10 10 10 7 9 10 10 10 10 9 10 10 10 10 10 9 10 9 9 10 10 9 9 10 9 10 9 10 10 9 9 9 9 9 9 9 9 9 9 7 7 7 7
