3 3 3 3 3 3 3 3 3 3 3 3 3 3 3 3 3 1 3 3 3 3 3 3 3 3 3 3 3 3 3 3 3 3 3 3 3 3 3 3 3 3 3 3 3 3 3 3 3 3 2 2 2 2 2 2 2 2 2 2 2 2 2 2 3 3 3 3 3 3 3 3 3 3 3 3 3 3 3 3 3 3 3 3 3 3 3 4 3 3 3 3 3 3 3 3 3 3 3 3 3 1 1 1 1 1 1 1 1 6 6 6 6 6 6 6 6 6 6 6 6 6 6 6 6 6 6 6 6 6 6 6 6 6 6 6 6 6 6 6 6 6 6 6 6 6 6 6 6 6 6 6 1 1 1 1 1 1 1 1 1 1 5 8 5 5 5 5 5 5 5 5 5 5 6 5 5 5 5 5 5 8 5 5 5 5 5 5 5 5 5 5 1 1 1 1 1 1 1 1 1 1 1 1 8 6 8 8 8 6 8 8 8 6 8 8 8 7 8 8 6 8 8 8 8 8 8 8 7 8 8 8 8 8 8 8 8 8 8 8 8 8 8 8 8 8 8 6 8 6 8 6 8 8 6 6 6 6 6 6 8 8 5 6 1 1 1 1
3 3 3 3 3 3 3 3 3 3 3 3 3 3 3 3 3 1 3 3 3 3 3 3 3 3 3 3 3 3 3 3 3 3 3 3 3 3 3 3 3 3 3 3 3 3 3 3 3 3 2 2 2 2 2 2 2 2 2 2 2 2 2 2 3 3 3 3 3 3 3 3 3 3 3 3 3 3 3 3 3 3 3 3 3 3 3 4 3 3 3 3 3 3 3 3 3 3 3 3 3 1 1 1 1 1 1 1 1 8 8 8 8 8 9 9 8 8 8 8 8 8 8 8 8 8 8 8 8 9 8 9 9 9 8 9 8 9 9 8 8 8 9 8 8 8 8 8 8 9 8 8 1 1 1 1 1 1 1 1 1 1 8 8 8 8 8 8 6 8 6 6 8 6 7 6 8 6 8 6 6 8 6 6 8 6 8 6 6 8 6 8 1 1 1 1 1 1 1 1 1 1 1 1 8 8 8 7 7 5 5 5 7 8 8 7 8 8 7 8 5 8 8 8 7 8 7 8 8 8 7 7 8 7 5 7 8 8 8 7 8 8 8 8 7 7 8 8 8 5 7 8 8 8 8 5 5 8 8 8 8 5 8 5 1 1 1 1
4 4 3 4 3 3 4 4 3 3 4 4 3 4 4 3 3 1 4 3 3 4 4 4 4 4 4 3 4 3 4 4 3 3 4 4 3 4 3 4 3 4 4 4 4 3 3 3 4 4 2 2 2 2 2 2 2 2 2 2 2 2 2 2 3 4 3 3 4 3 4 4 4 4 3 4 3 3 4 3 4 3 3 3 4 4 4 7 3 4 4 4 3 3 3 3 3 3 3 3 3 1 1 1 1 1 1 1 1 8 8 8 8 8 9 9 8 8 8 8 8 8 8 8 8 8 8 8 8 9 8 9 9 9 8 9 8 9 9 8 8 8 9 8 8 8 8 8 8 9 8 8 1 1 1 1 1 1 1 1 1 1 8 8 8 8 8 8 6 8 6 6 8 6 8 6 8 6 8 6 6 8 6 6 8 6 8 6 6 8 6 8 1 1 1 1 1 1 1 1 1 1 1 1 8 8 8 8 8 5 5 5 8 8 8 8 8 8 8 8 5 8 8 8 8 8 8 8 8 8 8 8 8 8 5 8 8 8 8 8 8 8 8 8 8 8 8 8 8 5 8 8 8 8 8 5 5 8 8 8 8 5 8 5 1 1 1 1
4 4 3 4 3 3 4 4 3 3 4 4 3 4 4 3 3 1 4 3 3 4 4 4 4 4 4 3 4 3 4 4 3 3 4 4 3 4 3 4 3 4 4 4 4 3 3 3 4 4 2 2 2 2 2 2 2 2 2 2 2 2 2 2 3 4 3 3 4 3 4 4 4 4 3 4 3 3 4 3 4 3 3 3 4 4 4 7 3 4 4 4 3 3 3 3 3 3 3 3 3 1 1 1 1 1 1 1 1 8 8 8 8 8 9 9 8 8 8 8 8 8 8 8 8 8 8 8 8 9 8 9 9 9 8 9 8 9 9 8 8 8 9 8 8 8 8 8 8 9 8 8 1 1 1 1 1 1 1 1 1 1 8 8 8 8 8 8 6 8 6 6 8 6 8 6 8 6 8 6 6 8 6 6 8 6 8 6 6 8 6 8 1 1 1 1 1 1 1 1 1 1 1 1 8 8 8 8 8 5 5 5 8 8 8 8 8 8 8 8 5 8 8 8 8 8 8 8 8 8 8 8 8 8 5 8 8 8 8 8 8 8 8 8 8 8 8 8 8 5 8 8 8 8 8 5 5 8 8 8 8 5 8 5 1 1 1 1
4 4 3 4 3 3 4 4 3 3 4 4 3 4 4 3 3 1 4 3 3 4 4 4 4 4 4 3 4 3 4 4 3 3 4 4 3 4 3 4 3 4 4 4 4 3 3 3 4 4 2 2 2 2 2 2 2 2 2 2 2 2 2 2 3 4 3 3 4 3 4 4 4 4 3 4 3 3 4 3 4 3 3 3 4 4 4 7 3 4 4 4 3 3 3 3 3 3 3 3 3 1 1 1 1 1 1 1 1 8 8 8 8 8 9 9 8 8 8 8 8 8 8 8 8 8 8 8 8 9 8 9 9 9 8 9 8 9 9 8 8 8 9 8 8 8 8 8 8 9 8 8 1 1 1 1 1 1 1 1 1 1 8 8 8 8 8 8 6 8 6 6 8 6 8 6 8 6 8 6 6 8 6 6 8 6 8 6 6 8 6 8 1 1 1 1 1 1 1 1 1 1 1 1 8 8 8 8 8 5 5 5 8 8 8 8 8 8 8 8 5 8 8 8 8 8 8 8 8 8 8 8 8 8 5 8 8 8 8 8 8 8 8 8 8 8 8 8 8 5 8 8 8 8 8 5 5 8 8 8 8 5 8 5 1 1 1 1
4 4 3 4 3 3 4 4 3 3 4 4 3 4 4 3 3 1 4 3 3 4 4 4 4 4 4 3 4 3 4 4 3 3 4 4 3 4 3 4 3 4 4 4 4 3 3 3 4 4 2 2 2 2 2 2 2 2 2 2 2 2 2 2 3 4 3 3 4 3 4 4 4 4 3 4 3 3 4 3 4 3 3 3 4 4 4 7 3 4 4 4 3 3 3 3 3 3 3 3 3 1 1 1 1 1 1 1 1 8 8 8 8 8 9 9 8 8 8 8 8 8 8 8 8 8 8 8 8 9 8 9 9 9 8 9 8 9 9 8 8 8 9 8 8 8 8 8 8 9 8 8 1 1 1 1 1 1 1 1 1 1 8 8 8 8 8 8 6 8 6 6 8 6 8 6 8 6 8 6 6 8 6 6 8 6 8 6 6 8 6 8 1 1 1 1 1 1 1 1 1 1 1 1 8 8 8 8 8 5 5 5 8 8 8 8 8 8 8 8 5 8 8 8 8 8 8 8 8 8 8 8 8 8 5 8 8 8 8 8 8 8 8 8 8 8 8 8 8 5 8 8 8 8 8 5 5 8 8 8 8 5 8 5 1 1 1 1
4 4 3 4 3 3 4 4 3 3 4 4 3 4 4 3 3 1 4 3 3 4 4 4 4 4 4 3 4 3 4 4 3 3 4 4 3 4 3 4 3 4 4 4 4 3 3 3 4 4 2 2 2 2 2 2 2 2 2 2 2 2 2 2 3 4 3 3 4 3 4 4 4 4 3 4 3 3 4 3 4 3 3 3 4 4 4 7 3 4 4 4 3 3 3 3 3 3 3 3 3 1 1 1 1 1 1 1 1 8 8 8 8 8 9 9 8 8 8 8 8 8 8 8 8 8 8 8 8 9 8 9 9 9 8 9 8 9 9 8 8 8 9 8 8 8 8 8 8 9 8 8 1 1 1 1 1 1 1 1 1 1 8 8 8 8 8 8 6 8 6 6 8 6 8 6 8 6 8 6 6 8 6 6 8 6 8 6 6 8 6 8 1 1 1 1 1 1 1 1 1 1 1 1 8 8 8 8 8 5 5 5 8 8 8 8 8 8 8 8 5 8 8 8 8 8 8 8 8 8 8 8 8 8 5 8 8 8 8 8 8 8 8 8 8 8 8 8 8 5 8 8 8 8 8 5 5 8 8 8 8 5 8 5 1 1 1 1
4 4 3 4 3 3 4 4 3 3 4 4 3 4 4 3 3 1 4 3 3 4 4 4 4 4 4 3 4 3 4 4 3 3 4 4 3 4 3 4 3 4 4 4 4 3 3 3 4 4 2 2 2 2 2 2 2 2 2 2 2 2 2 2 3 4 3 3 4 3 4 4 4 4 3 4 3 3 4 3 4 3 3 3 4 4 4 7 3 4 4 4 3 3 3 3 3 3 3 3 3 1 1 1 1 1 1 1 1 8 8 8 8 8 9 9 8 8 8 8 8 8 8 8 8 8 8 8 8 9 8 9 9 9 8 9 8 9 9 8 8 8 9 8 8 8 8 8 8 9 8 8 1 1 1 1 1 1 1 1 1 1 8 8 8 8 8 8 6 8 6 6 8 6 8 6 8 6 8 6 6 8 6 6 8 6 8 6 6 8 6 8 1 1 1 1 1 1 1 1 1 1 1 1 8 8 8 8 8 5 5 5 8 8 8 8 8 8 8 8 5 8 8 8 8 8 8 8 8 8 8 8 8 8 5 8 8 8 8 8 8 8 8 8 8 8 8 8 8 5 8 8 8 8 8 5 5 8 8 8 8 5 8 5 1 1 1 1
4 4 3 4 3 3 4 4 3 3 4 4 3 4 4 3 3 1 4 3 3 4 4 4 4 4 4 3 4 3 4 4 3 3 4 4 3 4 3 4 3 4 4 4 4 3 3 3 4 4 2 2 2 2 2 2 2 2 2 2 2 2 2 2 3 4 3 3 4 3 4 4 4 4 3 4 3 3 4 3 4 3 3 3 4 4 4 7 3 4 4 4 3 3 3 3 3 3 3 3 3 1 1 1 1 1 1 1 1 8 8 8 8 8 9 9 8 8 8 8 8 8 8 8 8 8 8 8 8 9 8 9 9 9 8 9 8 9 9 8 8 8 9 8 8 8 8 8 8 9 8 8 1 1 1 1 1 1 1 1 1 1 8 8 8 8 8 8 6 8 6 6 8 6 8 6 8 6 8 6 6 8 6 6 8 6 8 6 6 8 6 8 1 1 1 1 1 1 1 1 1 1 1 1 8 8 8 8 8 5 5 5 8 8 8 8 8 8 8 8 5 8 8 8 8 8 8 8 8 8 8 8 8 8 5 8 8 8 8 8 8 8 8 8 8 8 8 8 8 5 8 8 8 8 8 5 5 8 8 8 8 5 8 5 1 1 1 1
4 4 3 4 3 3 4 4 3 3 4 4 3 4 4 3 3 1 4 3 3 4 4 4 4 4 4 3 4 3 4 4 3 3 4 4 3 4 3 4 3 4 4 4 4 3 3 3 4 4 2 2 2 2 2 2 2 2 2 2 2 2 2 2 3 4 3 3 4 3 4 4 4 4 3 4 3 3 4 3 4 3 3 3 4 4 4 7 3 4 4 4 3 3 3 3 3 3 3 3 3 1 1 1 1 1 1 1 1 8 8 8 8 8 9 9 8 8 8 8 8 8 8 8 8 8 8 8 8 9 8 9 9 9 8 9 8 9 9 8 8 8 9 8 8 8 8 8 8 9 8 8 1 1 1 1 1 1 1 1 1 1 8 8 8 8 8 8 6 8 6 6 8 6 8 6 8 6 8 6 6 8 6 6 8 6 8 6 6 8 6 8 1 1 1 1 1 1 1 1 1 1 1 1 8 8 8 8 8 5 5 5 8 8 8 8 8 8 8 8 5 8 8 8 8 8 8 8 8 8 8 8 8 8 5 8 8 8 8 8 8 8 8 8 8 8 8 8 8 5 8 8 8 8 8 5 5 8 8 8 8 5 8 5 1 1 1 1
4 4 3 4 3 3 4 4 3 3 4 4 3 4 4 3 3 1 4 3 3 4 4 4 4 4 4 3 4 3 4 4 3 3 4 4 3 4 3 4 3 4 4 4 4 3 3 3 4 4 2 2 2 2 2 2 2 2 2 2 2 2 2 2 3 4 3 3 4 3 4 4 4 4 3 4 3 3 4 3 4 3 3 3 4 4 4 7 3 4 4 4 3 3 3 3 3 3 3 3 3 1 1 1 1 1 1 1 1 8 8 8 8 8 9 9 8 8 8 8 8 8 8 8 8 8 8 8 8 9 8 9 9 9 8 9 8 9 9 8 8 8 9 8 8 8 8 8 8 9 8 8 1 1 1 1 1 1 1 1 1 1 8 8 8 8 8 8 6 8 6 6 8 6 8 6 8 6 8 6 6 8 6 6 8 6 8 6 6 8 6 8 1 1 1 1 1 1 1 1 1 1 1 1 8 8 8 8 8 5 5 5 8 8 8 8 8 8 8 8 5 8 8 8 8 8 8 8 8 8 8 8 8 8 5 8 8 8 8 8 8 8 8 8 8 8 8 8 8 5 8 8 8 8 8 5 5 8 8 8 8 5 8 5 1 1 1 1
4 4 3 4 3 3 4 4 3 3 4 4 3 4 4 3 3 1 4 3 3 4 4 4 4 4 4 3 4 3 4 4 3 3 4 4 3 4 3 4 3 4 4 4 4 3 3 3 4 4 2 2 2 2 2 2 2 2 2 2 2 2 2 2 3 4 3 3 4 3 4 4 4 4 3 4 3 3 4 3 4 3 3 3 4 4 4 7 3 4 4 4 3 3 3 3 3 3 3 3 3 1 1 1 1 1 1 1 1 8 8 8 8 8 9 9 8 8 8 8 8 8 8 8 8 8 8 8 8 9 8 9 9 9 8 9 8 9 9 8 8 8 9 8 8 8 8 8 8 9 8 8 1 1 1 1 1 1 1 1 1 1 8 8 8 8 8 8 6 8 6 6 8 6 8 6 8 6 8 6 6 8 6 6 8 6 8 6 6 8 6 8 1 1 1 1 1 1 1 1 1 1 1 1 8 8 8 8 8 5 5 5 8 8 8 8 8 8 8 8 5 8 8 8 8 8 8 8 8 8 8 8 8 8 5 8 8 8 8 8 8 8 8 8 8 8 8 8 8 5 8 8 8 8 8 5 5 8 8 8 8 5 8 5 1 1 1 1
4 4 3 4 3 3 4 4 3 3 4 4 3 4 4 3 3 1 4 3 3 4 4 4 4 4 4 3 4 3 4 4 3 3 4 4 3 4 3 4 3 4 4 4 4 3 3 3 4 4 2 2 2 2 2 2 2 2 2 2 2 2 2 2 3 4 3 3 4 3 4 4 4 4 3 4 3 3 4 3 4 3 3 3 4 4 4 7 3 4 4 4 3 3 3 3 3 3 3 3 3 1 1 1 1 1 1 1 1 8 8 8 8 8 9 9 8 8 8 8 8 8 8 8 8 8 8 8 8 9 8 9 9 9 8 9 8 9 9 8 8 8 9 8 8 8 8 8 8 9 8 8 1 1 1 1 1 1 1 1 1 1 8 8 8 8 8 8 6 8 6 6 8 6 8 6 8 6 8 6 6 8 6 6 8 6 8 6 6 8 6 8 1 1 1 1 1 1 1 1 1 1 1 1 8 8 8 8 8 5 5 5 8 8 8 8 8 8 8 8 5 8 8 8 8 8 8 8 8 8 8 8 8 8 5 8 8 8 8 8 8 8 8 8 8 8 8 8 8 5 8 8 8 8 8 5 5 8 8 8 8 5 8 5 1 1 1 1
4 4 3 4 3 3 4 4 3 3 4 4 3 4 4 3 3 1 4 3 3 4 4 4 4 4 4 3 4 3 4 4 3 3 4 4 3 4 3 4 3 4 4 4 4 3 3 3 4 4 2 2 2 2 2 2 2 2 2 2 2 2 2 2 3 4 3 3 4 3 4 4 4 4 3 4 3 3 4 3 4 3 3 3 4 4 4 7 3 4 4 4 3 3 3 3 3 3 3 3 3 1 1 1 1 1 1 1 1 8 8 8 8 8 9 9 8 8 8 8 8 8 8 8 8 8 8 8 8 9 8 9 9 9 8 9 8 9 9 8 8 8 9 8 8 8 8 8 8 9 8 8 1 1 1 1 1 1 1 1 1 1 8 8 8 8 8 8 6 8 6 6 8 6 8 6 8 6 8 6 6 8 6 6 8 6 8 6 6 8 6 8 1 1 1 1 1 1 1 1 1 1 1 1 8 8 8 8 8 5 5 5 8 8 8 8 8 8 8 8 5 8 8 8 8 8 8 8 8 8 8 8 8 8 5 8 8 8 8 8 8 8 8 8 8 8 8 8 8 5 8 8 8 8 8 5 5 8 8 8 8 5 8 5 1 1 1 1
4 4 3 4 3 3 4 4 3 3 4 4 3 4 4 3 3 1 4 3 3 4 4 4 4 4 4 3 4 3 4 4 3 3 4 4 3 4 3 4 3 4 4 4 4 3 3 3 4 4 2 2 2 2 2 2 2 2 2 2 2 2 2 2 3 4 3 3 4 3 4 4 4 4 3 4 3 3 4 3 4 3 3 3 4 4 4 7 3 4 4 4 3 3 3 3 3 3 3 3 3 1 1 1 1 1 1 1 1 8 8 8 8 8 9 9 8 8 8 8 8 8 8 8 8 8 8 8 8 9 8 9 9 9 8 9 8 9 9 8 8 8 9 8 8 8 8 8 8 9 8 8 1 1 1 1 1 1 1 1 1 1 8 8 8 8 8 8 6 8 6 6 8 6 8 6 8 6 8 6 6 8 6 6 8 6 8 6 6 8 6 8 1 1 1 1 1 1 1 1 1 1 1 1 8 8 8 8 8 5 5 5 8 8 8 8 8 8 8 8 5 8 8 8 8 8 8 8 8 8 8 8 8 8 5 8 8 8 8 8 8 8 8 8 8 8 8 8 8 5 8 8 8 8 8 5 5 8 8 8 8 5 8 5 1 1 1 1
4 4 3 4 3 3 4 4 3 3 4 4 3 4 4 3 3 1 4 3 3 4 4 4 4 4 4 3 4 3 4 4 3 3 4 4 3 4 3 4 3 4 4 4 4 3 3 3 4 4 2 2 2 2 2 2 2 2 2 2 2 2 2 2 3 4 3 3 4 3 4 4 4 4 3 4 3 3 4 3 4 3 3 3 4 4 4 7 3 4 4 4 3 3 3 3 3 3 3 3 3 1 1 1 1 1 1 1 1 8 8 8 8 8 9 9 8 8 8 8 8 8 8 8 8 8 8 8 8 9 8 9 9 9 8 9 8 9 9 8 8 8 9 8 8 8 8 8 8 9 8 8 1 1 1 1 1 1 1 1 1 1 8 8 8 8 8 8 6 8 6 6 8 6 8 6 8 6 8 6 6 8 6 6 8 6 8 6 6 8 6 8 1 1 1 1 1 1 1 1 1 1 1 1 8 8 8 8 8 5 5 5 8 8 8 8 8 8 8 8 5 8 8 8 8 8 8 8 8 8 8 8 8 8 5 8 8 8 8 8 8 8 8 8 8 8 8 8 8 5 8 8 8 8 8 5 5 8 8 8 8 5 8 5 1 1 1 1
4 4 3 4 3 3 4 4 3 3 4 4 3 4 4 3 3 1 4 3 3 4 4 4 4 4 4 3 4 3 4 4 3 3 4 4 3 4 3 4 3 4 4 4 4 3 3 3 4 4 2 2 2 2 2 2 2 2 2 2 2 2 2 2 3 4 3 3 4 3 4 4 4 4 3 4 3 3 4 3 4 3 3 3 4 4 4 7 3 4 4 4 3 3 3 3 3 3 3 3 3 1 1 1 1 1 1 1 1 8 8 8 8 8 9 9 8 8 8 8 8 8 8 8 8 8 8 8 8 9 8 9 9 9 8 9 8 9 9 8 8 8 9 8 8 8 8 8 8 9 8 8 1 1 1 1 1 1 1 1 1 1 8 8 8 8 8 8 6 8 6 6 8 6 8 6 8 6 8 6 6 8 6 6 8 6 8 6 6 8 6 8 1 1 1 1 1 1 1 1 1 1 1 1 8 8 8 8 8 5 5 5 8 8 8 8 8 8 8 8 5 8 8 8 8 8 8 8 8 8 8 8 8 8 5 8 8 8 8 8 8 8 8 8 8 8 8 8 8 5 8 8 8 8 8 5 5 8 8 8 8 5 8 5 1 1 1 1
4 4 3 4 3 3 4 4 3 3 4 4 3 4 4 3 3 1 4 3 3 4 4 4 4 4 4 3 4 3 4 4 3 3 4 4 3 4 3 4 3 4 4 4 4 3 3 3 4 4 2 2 2 2 2 2 2 2 2 2 2 2 2 2 3 4 3 3 4 3 4 4 4 4 3 4 3 3 4 3 4 3 3 3 4 4 4 7 3 4 4 4 3 3 3 3 3 3 3 3 3 1 1 1 1 1 1 1 1 8 8 8 8 8 9 9 8 8 8 8 8 8 8 8 8 8 8 8 8 9 8 9 9 9 8 9 8 9 9 8 8 8 9 8 8 8 8 8 8 9 8 8 1 1 1 1 1 1 1 1 1 1 8 8 8 8 8 8 6 8 6 6 8 6 8 6 8 6 8 6 6 8 6 6 8 6 8 6 6 8 6 8 1 1 1 1 1 1 1 1 1 1 1 1 8 8 8 8 8 5 5 5 8 8 8 8 8 8 8 8 5 8 8 8 8 8 8 8 8 8 8 8 8 8 5 8 8 8 8 8 8 8 8 8 8 8 8 8 8 5 8 8 8 8 8 5 5 8 8 8 8 5 8 5 1 1 1 1
4 4 3 4 3 3 4 4 3 3 4 4 3 4 4 3 3 1 4 3 3 4 4 4 4 4 4 3 4 3 4 4 3 3 4 4 3 4 3 4 3 4 4 4 4 3 3 3 4 4 2 2 2 2 2 2 2 2 2 2 2 2 2 2 3 4 3 3 4 3 4 4 4 4 3 4 3 3 4 3 4 3 3 3 4 4 4 7 3 4 4 4 3 3 3 3 3 3 3 3 3 1 1 1 1 1 1 1 1 8 8 8 8 8 9 9 8 8 8 8 8 8 8 8 8 8 8 8 8 9 8 9 9 9 8 9 8 9 9 8 8 8 9 8 8 8 8 8 8 9 8 8 1 1 1 1 1 1 1 1 1 1 8 8 8 8 8 8 6 8 6 6 8 6 8 6 8 6 8 6 6 8 6 6 8 6 8 6 6 8 6 8 1 1 1 1 1 1 1 1 1 1 1 1 8 8 8 8 8 5 5 5 8 8 8 8 8 8 8 8 5 8 8 8 8 8 8 8 8 8 8 8 8 8 5 8 8 8 8 8 8 8 8 8 8 8 8 8 8 5 8 8 8 8 8 5 5 8 8 8 8 5 8 5 1 1 1 1
4 4 3 4 3 3 4 4 3 3 4 4 3 4 4 3 3 1 4 3 3 4 4 4 4 4 4 3 4 3 4 4 3 3 4 4 3 4 3 4 3 4 4 4 4 3 3 3 4 4 2 2 2 2 2 2 2 2 2 2 2 2 2 2 3 4 3 3 4 3 4 4 4 4 3 4 3 3 4 3 4 3 3 3 4 4 4 7 3 4 4 4 3 3 3 3 3 3 3 3 3 1 1 1 1 1 1 1 1 8 8 8 8 8 9 9 8 8 8 8 8 8 8 8 8 8 8 8 8 9 8 9 9 9 8 9 8 9 9 8 8 8 9 8 8 8 8 8 8 9 8 8 1 1 1 1 1 1 1 1 1 1 8 8 8 8 8 8 6 8 6 6 8 6 8 6 8 6 8 6 6 8 6 6 8 6 8 6 6 8 6 8 1 1 1 1 1 1 1 1 1 1 1 1 8 8 8 8 8 5 5 5 8 8 8 8 8 8 8 8 5 8 8 8 8 8 8 8 8 8 8 8 8 8 5 8 8 8 8 8 8 8 8 8 8 8 8 8 8 5 8 8 8 8 8 5 5 8 8 8 8 5 8 5 1 1 1 1
4 4 3 4 3 3 4 4 3 3 4 4 3 4 4 3 3 1 4 3 3 4 4 4 4 4 4 3 4 3 4 4 3 3 4 4 3 4 3 4 3 4 4 4 4 3 3 3 4 4 2 2 2 2 2 2 2 2 2 2 2 2 2 2 3 4 3 3 4 3 4 4 4 4 3 4 3 3 4 3 4 3 3 3 4 4 4 7 3 4 4 4 3 3 3 3 3 3 3 3 3 1 1 1 1 1 1 1 1 8 8 8 8 8 9 9 8 8 8 8 8 8 8 8 8 8 8 8 8 9 8 9 9 9 8 9 8 9 9 8 8 8 9 8 8 8 8 8 8 9 8 8 1 1 1 1 1 1 1 1 1 1 8 8 8 8 8 8 6 8 6 6 8 6 8 6 8 6 8 6 6 8 6 6 8 6 8 6 6 8 6 8 1 1 1 1 1 1 1 1 1 1 1 1 8 8 8 8 8 5 5 5 8 8 8 8 8 8 8 8 5 8 8 8 8 8 8 8 8 8 8 8 8 8 5 8 8 8 8 8 8 8 8 8 8 8 8 8 8 5 8 8 8 8 8 5 5 8 8 8 8 5 8 5 1 1 1 1
4 4 3 4 3 3 4 4 3 3 4 4 3 4 4 3 3 1 4 3 3 4 4 4 4 4 4 3 4 3 4 4 3 3 4 4 3 4 3 4 3 4 4 4 4 3 3 3 4 4 2 2 2 2 2 2 2 2 2 2 2 2 2 2 3 4 3 3 4 3 4 4 4 4 3 4 3 3 4 3 4 3 3 3 4 4 4 7 3 4 4 4 3 3 3 3 3 3 3 3 3 1 1 1 1 1 1 1 1 8 8 8 8 8 9 9 8 8 8 8 8 8 8 8 8 8 8 8 8 9 8 9 9 9 8 9 8 9 9 8 8 8 9 8 8 8 8 8 8 9 8 8 1 1 1 1 1 1 1 1 1 1 8 8 8 8 8 8 6 8 6 6 8 6 8 6 8 6 8 6 6 8 6 6 8 6 8 6 6 8 6 8 1 1 1 1 1 1 1 1 1 1 1 1 8 8 8 8 8 5 5 5 8 8 8 8 8 8 8 8 5 8 8 8 8 8 8 8 8 8 8 8 8 8 5 8 8 8 8 8 8 8 8 8 8 8 8 8 8 5 8 8 8 8 8 5 5 8 8 8 8 5 8 5 1 1 1 1
4 4 3 4 3 3 4 4 3 3 4 4 3 4 4 3 3 1 4 3 3 4 4 4 4 4 4 3 4 3 4 4 3 3 4 4 3 4 3 4 3 4 4 4 4 3 3 3 4 4 2 2 2 2 2 2 2 2 2 2 2 2 2 2 3 4 3 3 4 3 4 4 4 4 3 4 3 3 4 3 4 3 3 3 4 4 4 7 3 4 4 4 3 3 3 3 3 3 3 3 3 1 1 1 1 1 1 1 1 8 8 8 8 8 9 9 8 8 8 8 8 8 8 8 8 8 8 8 8 9 8 9 9 9 8 9 8 9 9 8 8 8 9 8 8 8 8 8 8 9 8 8 1 1 1 1 1 1 1 1 1 1 8 8 8 8 8 8 6 8 6 6 8 6 8 6 8 6 8 6 6 8 6 6 8 6 8 6 6 8 6 8 1 1 1 1 1 1 1 1 1 1 1 1 8 8 8 8 8 5 5 5 8 8 8 8 8 8 8 8 5 8 8 8 8 8 8 8 8 8 8 8 8 8 5 8 8 8 8 8 8 8 8 8 8 8 8 8 8 5 8 8 8 8 8 5 5 8 8 8 8 5 8 5 1 1 1 1
4 4 3 4 3 3 4 4 3 3 4 4 3 4 4 3 3 1 4 3 3 4 4 4 4 4 4 3 4 3 4 4 3 3 4 4 3 4 3 4 3 4 4 4 4 3 3 3 4 4 2 2 2 2 2 2 2 2 2 2 2 2 2 2 3 4 3 3 4 3 4 4 4 4 3 4 3 3 4 3 4 3 3 3 4 4 4 7 3 4 4 4 3 3 3 3 3 3 3 3 3 1 1 1 1 1 1 1 1 8 8 8 8 8 9 9 8 8 8 8 8 8 8 8 8 8 8 8 8 9 8 9 9 9 8 9 8 9 9 8 8 8 9 8 8 8 8 8 8 9 8 8 1 1 1 1 1 1 1 1 1 1 8 8 8 8 8 8 6 8 6 6 8 6 8 6 8 6 8 6 6 8 6 6 8 6 8 6 6 8 6 8 1 1 1 1 1 1 1 1 1 1 1 1 8 8 8 8 8 5 5 5 8 8 8 8 8 8 8 8 5 8 8 8 8 8 8 8 8 8 8 8 8 8 5 8 8 8 8 8 8 8 8 8 8 8 8 8 8 5 8 8 8 8 8 5 5 8 8 8 8 5 8 5 1 1 1 1
4 4 3 4 3 3 4 4 3 3 4 4 3 4 4 3 3 1 4 3 3 4 4 4 4 4 4 3 4 3 4 4 3 3 4 4 3 4 3 4 3 4 4 4 4 3 3 3 4 4 2 2 2 2 2 2 2 2 2 2 2 2 2 2 3 4 3 3 4 3 4 4 4 4 3 4 3 3 4 3 4 3 3 3 4 4 4 7 3 4 4 4 3 3 3 3 3 3 3 3 3 1 1 1 1 1 1 1 1 8 8 8 8 8 9 9 8 8 8 8 8 8 8 8 8 8 8 8 8 9 8 9 9 9 8 9 8 9 9 8 8 8 9 8 8 8 8 8 8 9 8 8 1 1 1 1 1 1 1 1 1 1 8 8 8 8 8 8 6 8 6 6 8 6 8 6 8 6 8 6 6 8 6 6 8 6 8 6 6 8 6 8 1 1 1 1 1 1 1 1 1 1 1 1 8 8 8 8 8 5 5 5 8 8 8 8 8 8 8 8 5 8 8 8 8 8 8 8 8 8 8 8 8 8 5 8 8 8 8 8 8 8 8 8 8 8 8 8 8 5 8 8 8 8 8 5 5 8 8 8 8 5 8 5 1 1 1 1
4 4 3 4 3 3 4 4 3 3 4 4 3 4 4 3 3 1 4 3 3 4 4 4 4 4 4 3 4 3 4 4 3 3 4 4 3 4 3 4 3 4 4 4 4 3 3 3 4 4 2 2 2 2 2 2 2 2 2 2 2 2 2 2 3 4 3 3 4 3 4 4 4 4 3 4 3 3 4 3 4 3 3 3 4 4 4 7 3 4 4 4 3 3 3 3 3 3 3 3 3 1 1 1 1 1 1 1 1 8 8 8 8 8 9 9 8 8 8 8 8 8 8 8 8 8 8 8 8 9 8 9 9 9 8 9 8 9 9 8 8 8 9 8 8 8 8 8 8 9 8 8 1 1 1 1 1 1 1 1 1 1 8 8 8 8 8 8 6 8 6 6 8 6 8 6 8 6 8 6 6 8 6 6 8 6 8 6 6 8 6 8 1 1 1 1 1 1 1 1 1 1 1 1 8 8 8 8 8 5 5 5 8 8 8 8 8 8 8 8 5 8 8 8 8 8 8 8 8 8 8 8 8 8 5 8 8 8 8 8 8 8 8 8 8 8 8 8 8 5 8 8 8 8 8 5 5 8 8 8 8 5 8 5 1 1 1 1
4 4 3 4 3 3 4 4 3 3 4 4 3 4 4 3 3 1 4 3 3 4 4 4 4 4 4 3 4 3 4 4 3 3 4 4 3 4 3 4 3 4 4 4 4 3 3 3 4 4 2 2 2 2 2 2 2 2 2 2 2 2 2 2 3 4 3 3 4 3 4 4 4 4 3 4 3 3 4 3 4 3 3 3 4 4 4 7 3 4 4 4 3 3 3 3 3 3 3 3 3 1 1 1 1 1 1 1 1 8 8 8 8 8 9 9 8 8 8 8 8 8 8 8 8 8 8 8 8 9 8 9 9 9 8 9 8 9 9 8 8 8 9 8 8 8 8 8 8 9 8 8 1 1 1 1 1 1 1 1 1 1 8 8 8 8 8 8 6 8 6 6 8 6 8 6 8 6 8 6 6 8 6 6 8 6 8 6 6 8 6 8 1 1 1 1 1 1 1 1 1 1 1 1 8 8 8 8 8 5 5 5 8 8 8 8 8 8 8 8 5 8 8 8 8 8 8 8 8 8 8 8 8 8 5 8 8 8 8 8 8 8 8 8 8 8 8 8 8 5 8 8 8 8 8 5 5 8 8 8 8 5 8 5 1 1 1 1
4 4 3 4 3 3 4 4 3 3 4 4 3 4 4 3 3 1 4 3 3 4 4 4 4 4 4 3 4 3 4 4 3 3 4 4 3 4 3 4 3 4 4 4 4 3 3 3 4 4 2 2 2 2 2 2 2 2 2 2 2 2 2 2 3 4 3 3 4 3 4 4 4 4 3 4 3 3 4 3 4 3 3 3 4 4 4 7 3 4 4 4 3 3 3 3 3 3 3 3 3 1 1 1 1 1 1 1 1 8 8 8 8 8 9 9 8 8 8 8 8 8 8 8 8 8 8 8 8 9 8 9 9 9 8 9 8 9 9 8 8 8 9 8 8 8 8 8 8 9 8 8 1 1 1 1 1 1 1 1 1 1 8 8 8 8 8 8 6 8 6 6 8 6 8 6 8 6 8 6 6 8 6 6 8 6 8 6 6 8 6 8 1 1 1 1 1 1 1 1 1 1 1 1 8 8 8 8 8 5 5 5 8 8 8 8 8 8 8 8 5 8 8 8 8 8 8 8 8 8 8 8 8 8 5 8 8 8 8 8 8 8 8 8 8 8 8 8 8 5 8 8 8 8 8 5 5 8 8 8 8 5 8 5 1 1 1 1
4 4 3 4 3 3 4 4 3 3 4 4 3 4 4 3 3 1 4 3 3 4 4 4 4 4 4 3 4 3 4 4 3 3 4 4 3 4 3 4 3 4 4 4 4 3 3 3 4 4 2 2 2 2 2 2 2 2 2 2 2 2 2 2 3 4 3 3 4 3 4 4 4 4 3 4 3 3 4 3 4 3 3 3 4 4 4 7 3 4 4 4 3 3 3 3 3 3 3 3 3 1 1 1 1 1 1 1 1 8 8 8 8 8 9 9 8 8 8 8 8 8 8 8 8 8 8 8 8 9 8 9 9 9 8 9 8 9 9 8 8 8 9 8 8 8 8 8 8 9 8 8 1 1 1 1 1 1 1 1 1 1 8 8 8 8 8 8 6 8 6 6 8 6 8 6 8 6 8 6 6 8 6 6 8 6 8 6 6 8 6 8 1 1 1 1 1 1 1 1 1 1 1 1 8 8 8 8 8 5 5 5 8 8 8 8 8 8 8 8 5 8 8 8 8 8 8 8 8 8 8 8 8 8 5 8 8 8 8 8 8 8 8 8 8 8 8 8 8 5 8 8 8 8 8 5 5 8 8 8 8 5 8 5 1 1 1 1
4 4 3 4 3 3 4 4 3 3 4 4 3 4 4 3 3 1 4 3 3 4 4 4 4 4 4 3 4 3 4 4 3 3 4 4 3 4 3 4 3 4 4 4 4 3 3 3 4 4 2 2 2 2 2 2 2 2 2 2 2 2 2 2 3 4 3 3 4 3 4 4 4 4 3 4 3 3 4 3 4 3 3 3 4 4 4 7 3 4 4 4 3 3 3 3 3 3 3 3 3 1 1 1 1 1 1 1 1 8 8 8 8 8 9 9 8 8 8 8 8 8 8 8 8 8 8 8 8 9 8 9 9 9 8 9 8 9 9 8 8 8 9 8 8 8 8 8 8 9 8 8 1 1 1 1 1 1 1 1 1 1 8 8 8 8 8 8 6 8 6 6 8 6 8 6 8 6 8 6 6 8 6 6 8 6 8 6 6 8 6 8 1 1 1 1 1 1 1 1 1 1 1 1 8 8 8 8 8 5 5 5 8 8 8 8 8 8 8 8 5 8 8 8 8 8 8 8 8 8 8 8 8 8 5 8 8 8 8 8 8 8 8 8 8 8 8 8 8 5 8 8 8 8 8 5 5 8 8 8 8 5 8 5 1 1 1 1
4 4 3 4 3 3 4 4 3 3 4 4 3 4 4 3 3 1 4 3 3 4 4 4 4 4 4 3 4 3 4 4 3 3 4 4 3 4 3 4 3 4 4 4 4 3 3 3 4 4 2 2 2 2 2 2 2 2 2 2 2 2 2 2 3 4 3 3 4 3 4 4 4 4 3 4 3 3 4 3 4 3 3 3 4 4 4 7 3 4 4 4 3 3 3 3 3 3 3 3 3 1 1 1 1 1 1 1 1 8 8 8 8 8 9 9 8 8 8 8 8 8 8 8 8 8 8 8 8 9 8 9 9 9 8 9 8 9 9 8 8 8 9 8 8 8 8 8 8 9 8 8 1 1 1 1 1 1 1 1 1 1 8 8 8 8 8 8 6 8 6 6 8 6 8 6 8 6 8 6 6 8 6 6 8 6 8 6 6 8 6 8 1 1 1 1 1 1 1 1 1 1 1 1 8 8 8 8 8 5 5 5 8 8 8 8 8 8 8 8 5 8 8 8 8 8 8 8 8 8 8 8 8 8 5 8 8 8 8 8 8 8 8 8 8 8 8 8 8 5 8 8 8 8 8 5 5 8 8 8 8 5 8 5 1 1 1 1
4 4 3 4 3 3 4 4 3 3 4 4 3 4 4 3 3 1 4 3 3 4 4 4 4 4 4 3 4 3 4 4 3 3 4 4 3 4 3 4 3 4 4 4 4 3 3 3 4 4 2 2 2 2 2 2 2 2 2 2 2 2 2 2 3 4 3 3 4 3 4 4 4 4 3 4 3 3 4 3 4 3 3 3 4 4 4 7 3 4 4 4 3 3 3 3 3 3 3 3 3 1 1 1 1 1 1 1 1 8 8 8 8 8 9 9 8 8 8 8 8 8 8 8 8 8 8 8 8 9 8 9 9 9 8 9 8 9 9 8 8 8 9 8 8 8 8 8 8 9 8 8 1 1 1 1 1 1 1 1 1 1 8 8 8 8 8 8 6 8 6 6 8 6 8 6 8 6 8 6 6 8 6 6 8 6 8 6 6 8 6 8 1 1 1 1 1 1 1 1 1 1 1 1 8 8 8 8 8 5 5 5 8 8 8 8 8 8 8 8 5 8 8 8 8 8 8 8 8 8 8 8 8 8 5 8 8 8 8 8 8 8 8 8 8 8 8 8 8 5 8 8 8 8 8 5 5 8 8 8 8 5 8 5 1 1 1 1
4 4 3 4 3 3 4 4 3 3 4 4 3 4 4 3 3 1 4 3 3 4 4 4 4 4 4 3 4 3 4 4 3 3 4 4 3 4 3 4 3 4 4 4 4 3 3 3 4 4 2 2 2 2 2 2 2 2 2 2 2 2 2 2 3 4 3 3 4 3 4 4 4 4 3 4 3 3 4 3 4 3 3 3 4 4 4 7 3 4 4 4 3 3 3 3 3 3 3 3 3 1 1 1 1 1 1 1 1 8 8 8 8 8 9 9 8 8 8 8 8 8 8 8 8 8 8 8 8 9 8 9 9 9 8 9 8 9 9 8 8 8 9 8 8 8 8 8 8 9 8 8 1 1 1 1 1 1 1 1 1 1 8 8 8 8 8 8 6 8 6 6 8 6 8 6 8 6 8 6 6 8 6 6 8 6 8 6 6 8 6 8 1 1 1 1 1 1 1 1 1 1 1 1 8 8 8 8 8 5 5 5 8 8 8 8 8 8 8 8 5 8 8 8 8 8 8 8 8 8 8 8 8 8 5 8 8 8 8 8 8 8 8 8 8 8 8 8 8 5 8 8 8 8 8 5 5 8 8 8 8 5 8 5 1 1 1 1
4 4 3 4 3 3 4 4 3 3 4 4 3 4 4 3 3 1 4 3 3 4 4 4 4 4 4 3 4 3 4 4 3 3 4 4 3 4 3 4 3 4 4 4 4 3 3 3 4 4 2 2 2 2 2 2 2 2 2 2 2 2 2 2 3 4 3 3 4 3 4 4 4 4 3 4 3 3 4 3 4 3 3 3 4 4 4 7 3 4 4 4 3 3 3 3 3 3 3 3 3 1 1 1 1 1 1 1 1 8 8 8 8 8 9 9 8 8 8 8 8 8 8 8 8 8 8 8 8 9 8 9 9 9 8 9 8 9 9 8 8 8 9 8 8 8 8 8 8 9 8 8 1 1 1 1 1 1 1 1 1 1 8 8 8 8 8 8 6 8 6 6 8 6 8 6 8 6 8 6 6 8 6 6 8 6 8 6 6 8 6 8 1 1 1 1 1 1 1 1 1 1 1 1 8 8 8 8 8 5 5 5 8 8 8 8 8 8 8 8 5 8 8 8 8 8 8 8 8 8 8 8 8 8 5 8 8 8 8 8 8 8 8 8 8 8 8 8 8 5 8 8 8 8 8 5 5 8 8 8 8 5 8 5 1 1 1 1
4 4 3 4 3 3 4 4 3 3 4 4 3 4 4 3 3 1 4 3 3 4 4 4 4 4 4 3 4 3 4 4 3 3 4 4 3 4 3 4 3 4 4 4 4 3 3 3 4 4 2 2 2 2 2 2 2 2 2 2 2 2 2 2 3 4 3 3 4 3 4 4 4 4 3 4 3 3 4 3 4 3 3 3 4 4 4 7 3 4 4 4 3 3 3 3 3 3 3 3 3 1 1 1 1 1 1 1 1 8 8 8 8 8 9 9 8 8 8 8 8 8 8 8 8 8 8 8 8 9 8 9 9 9 8 9 8 9 9 8 8 8 9 8 8 8 8 8 8 9 8 8 1 1 1 1 1 1 1 1 1 1 8 8 8 8 8 8 6 8 6 6 8 6 8 6 8 6 8 6 6 8 6 6 8 6 8 6 6 8 6 8 1 1 1 1 1 1 1 1 1 1 1 1 8 8 8 8 8 5 5 5 8 8 8 8 8 8 8 8 5 8 8 8 8 8 8 8 8 8 8 8 8 8 5 8 8 8 8 8 8 8 8 8 8 8 8 8 8 5 8 8 8 8 8 5 5 8 8 8 8 5 8 5 1 1 1 1
4 4 3 4 3 3 4 4 3 3 4 4 3 4 4 3 3 1 4 3 3 4 4 4 4 4 4 3 4 3 4 4 3 3 4 4 3 4 3 4 3 4 4 4 4 3 3 3 4 4 2 2 2 2 2 2 2 2 2 2 2 2 2 2 3 4 3 3 4 3 4 4 4 4 3 4 3 3 4 3 4 3 3 3 4 4 4 7 3 4 4 4 3 3 3 3 3 3 3 3 3 1 1 1 1 1 1 1 1 8 8 8 8 8 9 9 8 8 8 8 8 8 8 8 8 8 8 8 8 9 8 9 9 9 8 9 8 9 9 8 8 8 9 8 8 8 8 8 8 9 8 8 1 1 1 1 1 1 1 1 1 1 8 8 8 8 8 8 6 8 6 6 8 6 8 6 8 6 8 6 6 8 6 6 8 6 8 6 6 8 6 8 1 1 1 1 1 1 1 1 1 1 1 1 8 8 8 8 8 5 5 5 8 8 8 8 8 8 8 8 5 8 8 8 8 8 8 8 8 8 8 8 8 8 5 8 8 8 8 8 8 8 8 8 8 8 8 8 8 5 8 8 8 8 8 5 5 8 8 8 8 5 8 5 1 1 1 1
4 4 3 4 3 3 4 4 3 3 4 4 3 4 4 3 3 1 4 3 3 4 4 4 4 4 4 3 4 3 4 4 3 3 4 4 3 4 3 4 3 4 4 4 4 3 3 3 4 4 2 2 2 2 2 2 2 2 2 2 2 2 2 2 3 4 3 3 4 3 4 4 4 4 3 4 3 3 4 3 4 3 3 3 4 4 4 7 3 4 4 4 3 3 3 3 3 3 3 3 3 1 1 1 1 1 1 1 1 8 8 8 8 8 9 9 8 8 8 8 8 8 8 8 8 8 8 8 8 9 8 9 9 9 8 9 8 9 9 8 8 8 9 8 8 8 8 8 8 9 8 8 1 1 1 1 1 1 1 1 1 1 8 8 8 8 8 8 6 8 6 6 8 6 8 6 8 6 8 6 6 8 6 6 8 6 8 6 6 8 6 8 1 1 1 1 1 1 1 1 1 1 1 1 8 8 8 8 8 5 5 5 8 8 8 8 8 8 8 8 5 8 8 8 8 8 8 8 8 8 8 8 8 8 5 8 8 8 8 8 8 8 8 8 8 8 8 8 8 5 8 8 8 8 8 5 5 8 8 8 8 5 8 5 1 1 1 1
4 4 3 4 3 3 4 4 3 3 4 4 3 4 4 3 3 1 4 3 3 4 4 4 4 4 4 3 4 3 4 4 3 3 4 4 3 4 3 4 3 4 4 4 4 3 3 3 4 4 2 2 2 2 2 2 2 2 2 2 2 2 2 2 3 4 3 3 4 3 4 4 4 4 3 4 3 3 4 3 4 3 3 3 4 4 4 7 3 4 4 4 3 3 3 3 3 3 3 3 3 1 1 1 1 1 1 1 1 8 8 8 8 8 9 9 8 8 8 8 8 8 8 8 8 8 8 8 8 9 8 9 9 9 8 9 8 9 9 8 8 8 9 8 8 8 8 8 8 9 8 8 1 1 1 1 1 1 1 1 1 1 8 8 8 8 8 8 6 8 6 6 8 6 8 6 8 6 8 6 6 8 6 6 8 6 8 6 6 8 6 8 1 1 1 1 1 1 1 1 1 1 1 1 8 8 8 8 8 5 5 5 8 8 8 8 8 8 8 8 5 8 8 8 8 8 8 8 8 8 8 8 8 8 5 8 8 8 8 8 8 8 8 8 8 8 8 8 8 5 8 8 8 8 8 5 5 8 8 8 8 5 8 5 1 1 1 1
4 4 3 4 3 3 4 4 3 3 4 4 3 4 4 3 3 1 4 3 3 4 4 4 4 4 4 3 4 3 4 4 3 3 4 4 3 4 3 4 3 4 4 4 4 3 3 3 4 4 2 2 2 2 2 2 2 2 2 2 2 2 2 2 3 4 3 3 4 3 4 4 4 4 3 4 3 3 4 3 4 3 3 3 4 4 4 7 3 4 4 4 3 3 3 3 3 3 3 3 3 1 1 1 1 1 1 1 1 8 8 8 8 8 9 9 8 8 8 8 8 8 8 8 8 8 8 8 8 9 8 9 9 9 8 9 8 9 9 8 8 8 9 8 8 8 8 8 8 9 8 8 1 1 1 1 1 1 1 1 1 1 8 8 8 8 8 8 6 8 6 6 8 6 8 6 8 6 8 6 6 8 6 6 8 6 8 6 6 8 6 8 1 1 1 1 1 1 1 1 1 1 1 1 8 8 8 8 8 5 5 5 8 8 8 8 8 8 8 8 5 8 8 8 8 8 8 8 8 8 8 8 8 8 5 8 8 8 8 8 8 8 8 8 8 8 8 8 8 5 8 8 8 8 8 5 5 8 8 8 8 5 8 5 1 1 1 1
4 4 3 4 3 3 4 4 3 3 4 4 3 4 4 3 3 1 4 3 3 4 4 4 4 4 4 3 4 3 4 4 3 3 4 4 3 4 3 4 3 4 4 4 4 3 3 3 4 4 2 2 2 2 2 2 2 2 2 2 2 2 2 2 3 4 3 3 4 3 4 4 4 4 3 4 3 3 4 3 4 3 3 3 4 4 4 7 3 4 4 4 3 3 3 3 3 3 3 3 3 1 1 1 1 1 1 1 1 8 8 8 8 8 9 9 8 8 8 8 8 8 8 8 8 8 8 8 8 9 8 9 9 9 8 9 8 9 9 8 8 8 9 8 8 8 8 8 8 9 8 8 1 1 1 1 1 1 1 1 1 1 8 8 8 8 8 8 6 8 6 6 8 6 8 6 8 6 8 6 6 8 6 6 8 6 8 6 6 8 6 8 1 1 1 1 1 1 1 1 1 1 1 1 8 8 8 8 8 5 5 5 8 8 8 8 8 8 8 8 5 8 8 8 8 8 8 8 8 8 8 8 8 8 5 8 8 8 8 8 8 8 8 8 8 8 8 8 8 5 8 8 8 8 8 5 5 8 8 8 8 5 8 5 1 1 1 1
4 4 3 4 3 3 4 4 3 3 4 4 3 4 4 3 3 1 4 3 3 4 4 4 4 4 4 3 4 3 4 4 3 3 4 4 3 4 3 4 3 4 4 4 4 3 3 3 4 4 2 2 2 2 2 2 2 2 2 2 2 2 2 2 3 4 3 3 4 3 4 4 4 4 3 4 3 3 4 3 4 3 3 3 4 4 4 7 3 4 4 4 3 3 3 3 3 3 3 3 3 1 1 1 1 1 1 1 1 8 8 8 8 8 9 9 8 8 8 8 8 8 8 8 8 8 8 8 8 9 8 9 9 9 8 9 8 9 9 8 8 8 9 8 8 8 8 8 8 9 8 8 1 1 1 1 1 1 1 1 1 1 8 8 8 8 8 8 6 8 6 6 8 6 8 6 8 6 8 6 6 8 6 6 8 6 8 6 6 8 6 8 1 1 1 1 1 1 1 1 1 1 1 1 8 8 8 8 8 5 5 5 8 8 8 8 8 8 8 8 5 8 8 8 8 8 8 8 8 8 8 8 8 8 5 8 8 8 8 8 8 8 8 8 8 8 8 8 8 5 8 8 8 8 8 5 5 8 8 8 8 5 8 5 1 1 1 1
4 4 3 4 3 3 4 4 3 3 4 4 3 4 4 3 3 1 4 3 3 4 4 4 4 4 4 3 4 3 4 4 3 3 4 4 3 4 3 4 3 4 4 4 4 3 3 3 4 4 2 2 2 2 2 2 2 2 2 2 2 2 2 2 3 4 3 3 4 3 4 4 4 4 3 4 3 3 4 3 4 3 3 3 4 4 4 7 3 4 4 4 3 3 3 3 3 3 3 3 3 1 1 1 1 1 1 1 1 8 8 8 8 8 9 9 8 8 8 8 8 8 8 8 8 8 8 8 8 9 8 9 9 9 8 9 8 9 9 8 8 8 9 8 8 8 8 8 8 9 8 8 1 1 1 1 1 1 1 1 1 1 8 8 8 8 8 8 6 8 6 6 8 6 8 6 8 6 8 6 6 8 6 6 8 6 8 6 6 8 6 8 1 1 1 1 1 1 1 1 1 1 1 1 8 8 8 8 8 5 5 5 8 8 8 8 8 8 8 8 5 8 8 8 8 8 8 8 8 8 8 8 8 8 5 8 8 8 8 8 8 8 8 8 8 8 8 8 8 5 8 8 8 8 8 5 5 8 8 8 8 5 8 5 1 1 1 1
4 4 3 4 3 3 4 4 3 3 4 4 3 4 4 3 3 1 4 3 3 4 4 4 4 4 4 3 4 3 4 4 3 3 4 4 3 4 3 4 3 4 4 4 4 3 3 3 4 4 2 2 2 2 2 2 2 2 2 2 2 2 2 2 3 4 3 3 4 3 4 4 4 4 3 4 3 3 4 3 4 3 3 3 4 4 4 7 3 4 4 4 3 3 3 3 3 3 3 3 3 1 1 1 1 1 1 1 1 8 8 8 8 8 9 9 8 8 8 8 8 8 8 8 8 8 8 8 8 9 8 9 9 9 8 9 8 9 9 8 8 8 9 8 8 8 8 8 8 9 8 8 1 1 1 1 1 1 1 1 1 1 8 8 8 8 8 8 6 8 6 6 8 6 8 6 8 6 8 6 6 8 6 6 8 6 8 6 6 8 6 8 1 1 1 1 1 1 1 1 1 1 1 1 8 8 8 8 8 5 5 5 8 8 8 8 8 8 8 8 5 8 8 8 8 8 8 8 8 8 8 8 8 8 5 8 8 8 8 8 8 8 8 8 8 8 8 8 8 5 8 8 8 8 8 5 5 8 8 8 8 5 8 5 1 1 1 1
4 4 3 4 3 3 4 4 3 3 4 4 3 4 4 3 3 1 4 3 3 4 4 4 4 4 4 3 4 3 4 4 3 3 4 4 3 4 3 4 3 4 4 4 4 3 3 3 4 4 2 2 2 2 2 2 2 2 2 2 2 2 2 2 3 4 3 3 4 3 4 4 4 4 3 4 3 3 4 3 4 3 3 3 4 4 4 7 3 4 4 4 3 3 3 3 3 3 3 3 3 1 1 1 1 1 1 1 1 8 8 8 8 8 9 9 8 8 8 8 8 8 8 8 8 8 8 8 8 9 8 9 9 9 8 9 8 9 9 8 8 8 9 8 8 8 8 8 8 9 8 8 1 1 1 1 1 1 1 1 1 1 8 8 8 8 8 8 6 8 6 6 8 6 8 6 8 6 8 6 6 8 6 6 8 6 8 6 6 8 6 8 1 1 1 1 1 1 1 1 1 1 1 1 8 8 8 8 8 5 5 5 8 8 8 8 8 8 8 8 5 8 8 8 8 8 8 8 8 8 8 8 8 8 5 8 8 8 8 8 8 8 8 8 8 8 8 8 8 5 8 8 8 8 8 5 5 8 8 8 8 5 8 5 1 1 1 1
4 4 3 4 3 3 4 4 3 3 4 4 3 4 4 3 3 1 4 3 3 4 4 4 4 4 4 3 4 3 4 4 3 3 4 4 3 4 3 4 3 4 4 4 4 3 3 3 4 4 2 2 2 2 2 2 2 2 2 2 2 2 2 2 3 4 3 3 4 3 4 4 4 4 3 4 3 3 4 3 4 3 3 3 4 4 4 7 3 4 4 4 3 3 3 3 3 3 3 3 3 1 1 1 1 1 1 1 1 8 8 8 8 8 9 9 8 8 8 8 8 8 8 8 8 8 8 8 8 9 8 9 9 9 8 9 8 9 9 8 8 8 9 8 8 8 8 8 8 9 8 8 1 1 1 1 1 1 1 1 1 1 8 8 8 8 8 8 6 8 6 6 8 6 8 6 8 6 8 6 6 8 6 6 8 6 8 6 6 8 6 8 1 1 1 1 1 1 1 1 1 1 1 1 8 8 8 8 8 5 5 5 8 8 8 8 8 8 8 8 5 8 8 8 8 8 8 8 8 8 8 8 8 8 5 8 8 8 8 8 8 8 8 8 8 8 8 8 8 5 8 8 8 8 8 5 5 8 8 8 8 5 8 5 1 1 1 1
4 4 3 4 3 3 4 4 3 3 4 4 3 4 4 3 3 1 4 3 3 4 4 4 4 4 4 3 4 3 4 4 3 3 4 4 3 4 3 4 3 4 4 4 4 3 3 3 4 4 2 2 2 2 2 2 2 2 2 2 2 2 2 2 3 4 3 3 4 3 4 4 4 4 3 4 3 3 4 3 4 3 3 3 4 4 4 7 3 4 4 4 3 3 3 3 3 3 3 3 3 1 1 1 1 1 1 1 1 8 8 8 8 8 9 9 8 8 8 8 8 8 8 8 8 8 8 8 8 9 8 9 9 9 8 9 8 9 9 8 8 8 9 8 8 8 8 8 8 9 8 8 1 1 1 1 1 1 1 1 1 1 8 8 8 8 8 8 6 8 6 6 8 6 8 6 8 6 8 6 6 8 6 6 8 6 8 6 6 8 6 8 1 1 1 1 1 1 1 1 1 1 1 1 8 8 8 8 8 5 5 5 8 8 8 8 8 8 8 8 5 8 8 8 8 8 8 8 8 8 8 8 8 8 5 8 8 8 8 8 8 8 8 8 8 8 8 8 8 5 8 8 8 8 8 5 5 8 8 8 8 5 8 5 1 1 1 1
4 4 3 4 3 3 4 4 3 3 4 4 3 4 4 3 3 1 4 3 3 4 4 4 4 4 4 3 4 3 4 4 3 3 4 4 3 4 3 4 3 4 4 4 4 3 3 3 4 4 2 2 2 2 2 2 2 2 2 2 2 2 2 2 3 4 3 3 4 3 4 4 4 4 3 4 3 3 4 3 4 3 3 3 4 4 4 7 3 4 4 4 3 3 3 3 3 3 3 3 3 1 1 1 1 1 1 1 1 8 8 8 8 8 9 9 8 8 8 8 8 8 8 8 8 8 8 8 8 9 8 9 9 9 8 9 8 9 9 8 8 8 9 8 8 8 8 8 8 9 8 8 1 1 1 1 1 1 1 1 1 1 8 8 8 8 8 8 6 8 6 6 8 6 8 6 8 6 8 6 6 8 6 6 8 6 8 6 6 8 6 8 1 1 1 1 1 1 1 1 1 1 1 1 8 8 8 8 8 5 5 5 8 8 8 8 8 8 8 8 5 8 8 8 8 8 8 8 8 8 8 8 8 8 5 8 8 8 8 8 8 8 8 8 8 8 8 8 8 5 8 8 8 8 8 5 5 8 8 8 8 5 8 5 1 1 1 1
4 4 3 4 3 3 4 4 3 3 4 4 3 4 4 3 3 1 4 3 3 4 4 4 4 4 4 3 4 3 4 4 3 3 4 4 3 4 3 4 3 4 4 4 4 3 3 3 4 4 2 2 2 2 2 2 2 2 2 2 2 2 2 2 3 4 3 3 4 3 4 4 4 4 3 4 3 3 4 3 4 3 3 3 4 4 4 7 3 4 4 4 3 3 3 3 3 3 3 3 3 1 1 1 1 1 1 1 1 8 8 8 8 8 9 9 8 8 8 8 8 8 8 8 8 8 8 8 8 9 8 9 9 9 8 9 8 9 9 8 8 8 9 8 8 8 8 8 8 9 8 8 1 1 1 1 1 1 1 1 1 1 8 8 8 8 8 8 6 8 6 6 8 6 8 6 8 6 8 6 6 8 6 6 8 6 8 6 6 8 6 8 1 1 1 1 1 1 1 1 1 1 1 1 8 8 8 8 8 5 5 5 8 8 8 8 8 8 8 8 5 8 8 8 8 8 8 8 8 8 8 8 8 8 5 8 8 8 8 8 8 8 8 8 8 8 8 8 8 5 8 8 8 8 8 5 5 8 8 8 8 5 8 5 1 1 1 1
4 4 3 4 3 3 4 4 3 3 4 4 3 4 4 3 3 1 4 3 3 4 4 4 4 4 4 3 4 3 4 4 3 3 4 4 3 4 3 4 3 4 4 4 4 3 3 3 4 4 2 2 2 2 2 2 2 2 2 2 2 2 2 2 3 4 3 3 4 3 4 4 4 4 3 4 3 3 4 3 4 3 3 3 4 4 4 7 3 4 4 4 3 3 3 3 3 3 3 3 3 1 1 1 1 1 1 1 1 8 8 8 8 8 9 9 8 8 8 8 8 8 8 8 8 8 8 8 8 9 8 9 9 9 8 9 8 9 9 8 8 8 9 8 8 8 8 8 8 9 8 8 1 1 1 1 1 1 1 1 1 1 8 8 8 8 8 8 6 8 6 6 8 6 8 6 8 6 8 6 6 8 6 6 8 6 8 6 6 8 6 8 1 1 1 1 1 1 1 1 1 1 1 1 8 8 8 8 8 5 5 5 8 8 8 8 8 8 8 8 5 8 8 8 8 8 8 8 8 8 8 8 8 8 5 8 8 8 8 8 8 8 8 8 8 8 8 8 8 5 8 8 8 8 8 5 5 8 8 8 8 5 8 5 1 1 1 1
4 4 3 4 3 3 4 4 3 3 4 4 3 4 4 3 3 1 4 3 3 4 4 4 4 4 4 3 4 3 4 4 3 3 4 4 3 4 3 4 3 4 4 4 4 3 3 3 4 4 2 2 2 2 2 2 2 2 2 2 2 2 2 2 3 4 3 3 4 3 4 4 4 4 3 4 3 3 4 3 4 3 3 3 4 4 4 7 3 4 4 4 3 3 3 3 3 3 3 3 3 1 1 1 1 1 1 1 1 8 8 8 8 8 9 9 8 8 8 8 8 8 8 8 8 8 8 8 8 9 8 9 9 9 8 9 8 9 9 8 8 8 9 8 8 8 8 8 8 9 8 8 1 1 1 1 1 1 1 1 1 1 8 8 8 8 8 8 6 8 6 6 8 6 8 6 8 6 8 6 6 8 6 6 8 6 8 6 6 8 6 8 1 1 1 1 1 1 1 1 1 1 1 1 8 8 8 8 8 5 5 5 8 8 8 8 8 8 8 8 5 8 8 8 8 8 8 8 8 8 8 8 8 8 5 8 8 8 8 8 8 8 8 8 8 8 8 8 8 5 8 8 8 8 8 5 5 8 8 8 8 5 8 5 1 1 1 1
4 4 3 4 3 3 4 4 3 3 4 4 3 4 4 3 3 1 4 3 3 4 4 4 4 4 4 3 4 3 4 4 3 3 4 4 3 4 3 4 3 4 4 4 4 3 3 3 4 4 2 2 2 2 2 2 2 2 2 2 2 2 2 2 3 4 3 3 4 3 4 4 4 4 3 4 3 3 4 3 4 3 3 3 4 4 4 7 3 4 4 4 3 3 3 3 3 3 3 3 3 1 1 1 1 1 1 1 1 8 8 8 8 8 9 9 8 8 8 8 8 8 8 8 8 8 8 8 8 9 8 9 9 9 8 9 8 9 9 8 8 8 9 8 8 8 8 8 8 9 8 8 1 1 1 1 1 1 1 1 1 1 8 8 8 8 8 8 6 8 6 6 8 6 8 6 8 6 8 6 6 8 6 6 8 6 8 6 6 8 6 8 1 1 1 1 1 1 1 1 1 1 1 1 8 8 8 8 8 5 5 5 8 8 8 8 8 8 8 8 5 8 8 8 8 8 8 8 8 8 8 8 8 8 5 8 8 8 8 8 8 8 8 8 8 8 8 8 8 5 8 8 8 8 8 5 5 8 8 8 8 5 8 5 1 1 1 1
4 4 3 4 3 3 4 4 3 3 4 4 3 4 4 3 3 1 4 3 3 4 4 4 4 4 4 3 4 3 4 4 3 3 4 4 3 4 3 4 3 4 4 4 4 3 3 3 4 4 2 2 2 2 2 2 2 2 2 2 2 2 2 2 3 4 3 3 4 3 4 4 4 4 3 4 3 3 4 3 4 3 3 3 4 4 4 7 3 4 4 4 3 3 3 3 3 3 3 3 3 1 1 1 1 1 1 1 1 8 8 8 8 8 9 9 8 8 8 8 8 8 8 8 8 8 8 8 8 9 8 9 9 9 8 9 8 9 9 8 8 8 9 8 8 8 8 8 8 9 8 8 1 1 1 1 1 1 1 1 1 1 8 8 8 8 8 8 6 8 6 6 8 6 8 6 8 6 8 6 6 8 6 6 8 6 8 6 6 8 6 8 1 1 1 1 1 1 1 1 1 1 1 1 8 8 8 8 8 5 5 5 8 8 8 8 8 8 8 8 5 8 8 8 8 8 8 8 8 8 8 8 8 8 5 8 8 8 8 8 8 8 8 8 8 8 8 8 8 5 8 8 8 8 8 5 5 8 8 8 8 5 8 5 1 1 1 1
4 4 3 4 3 3 4 4 3 3 4 4 3 4 4 3 3 1 4 3 3 4 4 4 4 4 4 3 4 3 4 4 3 3 4 4 3 4 3 4 3 4 4 4 4 3 3 3 4 4 2 2 2 2 2 2 2 2 2 2 2 2 2 2 3 4 3 3 4 3 4 4 4 4 3 4 3 3 4 3 4 3 3 3 4 4 4 7 3 4 4 4 3 3 3 3 3 3 3 3 3 1 1 1 1 1 1 1 1 8 8 8 8 8 9 9 8 8 8 8 8 8 8 8 8 8 8 8 8 9 8 9 9 9 8 9 8 9 9 8 8 8 9 8 8 8 8 8 8 9 8 8 1 1 1 1 1 1 1 1 1 1 8 8 8 8 8 8 6 8 6 6 8 6 8 6 8 6 8 6 6 8 6 6 8 6 8 6 6 8 6 8 1 1 1 1 1 1 1 1 1 1 1 1 8 8 8 8 8 5 5 5 8 8 8 8 8 8 8 8 5 8 8 8 8 8 8 8 8 8 8 8 8 8 5 8 8 8 8 8 8 8 8 8 8 8 8 8 8 5 8 8 8 8 8 5 5 8 8 8 8 5 8 5 1 1 1 1
4 4 3 4 3 3 4 4 3 3 4 4 3 4 4 3 3 1 4 3 3 4 4 4 4 4 4 3 4 3 4 4 3 3 4 4 3 4 3 4 3 4 4 4 4 3 3 3 4 4 2 2 2 2 2 2 2 2 2 2 2 2 2 2 3 4 3 3 4 3 4 4 4 4 3 4 3 3 4 3 4 3 3 3 4 4 4 7 3 4 4 4 3 3 3 3 3 3 3 3 3 1 1 1 1 1 1 1 1 8 8 8 8 8 9 9 8 8 8 8 8 8 8 8 8 8 8 8 8 9 8 9 9 9 8 9 8 9 9 8 8 8 9 8 8 8 8 8 8 9 8 8 1 1 1 1 1 1 1 1 1 1 8 8 8 8 8 8 6 8 6 6 8 6 8 6 8 6 8 6 6 8 6 6 8 6 8 6 6 8 6 8 1 1 1 1 1 1 1 1 1 1 1 1 8 8 8 8 8 5 5 5 8 8 8 8 8 8 8 8 5 8 8 8 8 8 8 8 8 8 8 8 8 8 5 8 8 8 8 8 8 8 8 8 8 8 8 8 8 5 8 8 8 8 8 5 5 8 8 8 8 5 8 5 1 1 1 1
4 4 3 4 3 3 4 4 3 3 4 4 3 4 4 3 3 1 4 3 3 4 4 4 4 4 4 3 4 3 4 4 3 3 4 4 3 4 3 4 3 4 4 4 4 3 3 3 4 4 2 2 2 2 2 2 2 2 2 2 2 2 2 2 3 4 3 3 4 3 4 4 4 4 3 4 3 3 4 3 4 3 3 3 4 4 4 7 3 4 4 4 3 3 3 3 3 3 3 3 3 1 1 1 1 1 1 1 1 8 8 8 8 8 9 9 8 8 8 8 8 8 8 8 8 8 8 8 8 9 8 9 9 9 8 9 8 9 9 8 8 8 9 8 8 8 8 8 8 9 8 8 1 1 1 1 1 1 1 1 1 1 8 8 8 8 8 8 6 8 6 6 8 6 8 6 8 6 8 6 6 8 6 6 8 6 8 6 6 8 6 8 1 1 1 1 1 1 1 1 1 1 1 1 8 8 8 8 8 5 5 5 8 8 8 8 8 8 8 8 5 8 8 8 8 8 8 8 8 8 8 8 8 8 5 8 8 8 8 8 8 8 8 8 8 8 8 8 8 5 8 8 8 8 8 5 5 8 8 8 8 5 8 5 1 1 1 1
4 4 3 4 3 3 4 4 3 3 4 4 3 4 4 3 3 1 4 3 3 4 4 4 4 4 4 3 4 3 4 4 3 3 4 4 3 4 3 4 3 4 4 4 4 3 3 3 4 4 2 2 2 2 2 2 2 2 2 2 2 2 2 2 3 4 3 3 4 3 4 4 4 4 3 4 3 3 4 3 4 3 3 3 4 4 4 7 3 4 4 4 3 3 3 3 3 3 3 3 3 1 1 1 1 1 1 1 1 8 8 8 8 8 9 9 8 8 8 8 8 8 8 8 8 8 8 8 8 9 8 9 9 9 8 9 8 9 9 8 8 8 9 8 8 8 8 8 8 9 8 8 1 1 1 1 1 1 1 1 1 1 8 8 8 8 8 8 6 8 6 6 8 6 8 6 8 6 8 6 6 8 6 6 8 6 8 6 6 8 6 8 1 1 1 1 1 1 1 1 1 1 1 1 8 8 8 8 8 5 5 5 8 8 8 8 8 8 8 8 5 8 8 8 8 8 8 8 8 8 8 8 8 8 5 8 8 8 8 8 8 8 8 8 8 8 8 8 8 5 8 8 8 8 8 5 5 8 8 8 8 5 8 5 1 1 1 1
4 4 3 4 3 3 4 4 3 3 4 4 3 4 4 3 3 1 4 3 3 4 4 4 4 4 4 3 4 3 4 4 3 3 4 4 3 4 3 4 3 4 4 4 4 3 3 3 4 4 2 2 2 2 2 2 2 2 2 2 2 2 2 2 3 4 3 3 4 3 4 4 4 4 3 4 3 3 4 3 4 3 3 3 4 4 4 7 3 4 4 4 3 3 3 3 3 3 3 3 3 1 1 1 1 1 1 1 1 8 8 8 8 8 9 9 8 8 8 8 8 8 8 8 8 8 8 8 8 9 8 9 9 9 8 9 8 9 9 8 8 8 9 8 8 8 8 8 8 9 8 8 1 1 1 1 1 1 1 1 1 1 8 8 8 8 8 8 6 8 6 6 8 6 8 6 8 6 8 6 6 8 6 6 8 6 8 6 6 8 6 8 1 1 1 1 1 1 1 1 1 1 1 1 8 8 8 8 8 5 5 5 8 8 8 8 8 8 8 8 5 8 8 8 8 8 8 8 8 8 8 8 8 8 5 8 8 8 8 8 8 8 8 8 8 8 8 8 8 5 8 8 8 8 8 5 5 8 8 8 8 5 8 5 1 1 1 1
4 4 3 4 3 3 4 4 3 3 4 4 3 4 4 3 3 1 4 3 3 4 4 4 4 4 4 3 4 3 4 4 3 3 4 4 3 4 3 4 3 4 4 4 4 3 3 3 4 4 2 2 2 2 2 2 2 2 2 2 2 2 2 2 3 4 3 3 4 3 4 4 4 4 3 4 3 3 4 3 4 3 3 3 4 4 4 7 3 4 4 4 3 3 3 3 3 3 3 3 3 1 1 1 1 1 1 1 1 8 8 8 8 8 9 9 8 8 8 8 8 8 8 8 8 8 8 8 8 9 8 9 9 9 8 9 8 9 9 8 8 8 9 8 8 8 8 8 8 9 8 8 1 1 1 1 1 1 1 1 1 1 8 8 8 8 8 8 6 8 6 6 8 6 8 6 8 6 8 6 6 8 6 6 8 6 8 6 6 8 6 8 1 1 1 1 1 1 1 1 1 1 1 1 8 8 8 8 8 5 5 5 8 8 8 8 8 8 8 8 5 8 8 8 8 8 8 8 8 8 8 8 8 8 5 8 8 8 8 8 8 8 8 8 8 8 8 8 8 5 8 8 8 8 8 5 5 8 8 8 8 5 8 5 1 1 1 1
4 4 3 4 3 3 4 4 3 3 4 4 3 4 4 3 3 1 4 3 3 4 4 4 4 4 4 3 4 3 4 4 3 3 4 4 3 4 3 4 3 4 4 4 4 3 3 3 4 4 2 2 2 2 2 2 2 2 2 2 2 2 2 2 3 4 3 3 4 3 4 4 4 4 3 4 3 3 4 3 4 3 3 3 4 4 4 7 3 4 4 4 3 3 3 3 3 3 3 3 3 1 1 1 1 1 1 1 1 8 8 8 8 8 9 9 8 8 8 8 8 8 8 8 8 8 8 8 8 9 8 9 9 9 8 9 8 9 9 8 8 8 9 8 8 8 8 8 8 9 8 8 1 1 1 1 1 1 1 1 1 1 8 8 8 8 8 8 6 8 6 6 8 6 8 6 8 6 8 6 6 8 6 6 8 6 8 6 6 8 6 8 1 1 1 1 1 1 1 1 1 1 1 1 8 8 8 8 8 5 5 5 8 8 8 8 8 8 8 8 5 8 8 8 8 8 8 8 8 8 8 8 8 8 5 8 8 8 8 8 8 8 8 8 8 8 8 8 8 5 8 8 8 8 8 5 5 8 8 8 8 5 8 5 1 1 1 1
4 4 3 4 3 3 4 4 3 3 4 4 3 4 4 3 3 1 4 3 3 4 4 4 4 4 4 3 4 3 4 4 3 3 4 4 3 4 3 4 3 4 4 4 4 3 3 3 4 4 2 2 2 2 2 2 2 2 2 2 2 2 2 2 3 4 3 3 4 3 4 4 4 4 3 4 3 3 4 3 4 3 3 3 4 4 4 7 3 4 4 4 3 3 3 3 3 3 3 3 3 1 1 1 1 1 1 1 1 8 8 8 8 8 9 9 8 8 8 8 8 8 8 8 8 8 8 8 8 9 8 9 9 9 8 9 8 9 9 8 8 8 9 8 8 8 8 8 8 9 8 8 1 1 1 1 1 1 1 1 1 1 8 8 8 8 8 8 6 8 6 6 8 6 8 6 8 6 8 6 6 8 6 6 8 6 8 6 6 8 6 8 1 1 1 1 1 1 1 1 1 1 1 1 8 8 8 8 8 5 5 5 8 8 8 8 8 8 8 8 5 8 8 8 8 8 8 8 8 8 8 8 8 8 5 8 8 8 8 8 8 8 8 8 8 8 8 8 8 5 8 8 8 8 8 5 5 8 8 8 8 5 8 5 1 1 1 1
4 4 3 4 3 3 4 4 3 3 4 4 3 4 4 3 3 1 4 3 3 4 4 4 4 4 4 3 4 3 4 4 3 3 4 4 3 4 3 4 3 4 4 4 4 3 3 3 4 4 2 2 2 2 2 2 2 2 2 2 2 2 2 2 3 4 3 3 4 3 4 4 4 4 3 4 3 3 4 3 4 3 3 3 4 4 4 7 3 4 4 4 3 3 3 3 3 3 3 3 3 1 1 1 1 1 1 1 1 8 8 8 8 8 9 9 8 8 8 8 8 8 8 8 8 8 8 8 8 9 8 9 9 9 8 9 8 9 9 8 8 8 9 8 8 8 8 8 8 9 8 8 1 1 1 1 1 1 1 1 1 1 8 8 8 8 8 8 6 8 6 6 8 6 8 6 8 6 8 6 6 8 6 6 8 6 8 6 6 8 6 8 1 1 1 1 1 1 1 1 1 1 1 1 8 8 8 8 8 5 5 5 8 8 8 8 8 8 8 8 5 8 8 8 8 8 8 8 8 8 8 8 8 8 5 8 8 8 8 8 8 8 8 8 8 8 8 8 8 5 8 8 8 8 8 5 5 8 8 8 8 5 8 5 1 1 1 1
4 4 3 4 3 3 4 4 3 3 4 4 3 4 4 3 3 1 4 3 3 4 4 4 4 4 4 3 4 3 4 4 3 3 4 4 3 4 3 4 3 4 4 4 4 3 3 3 4 4 2 2 2 2 2 2 2 2 2 2 2 2 2 2 3 4 3 3 4 3 4 4 4 4 3 4 3 3 4 3 4 3 3 3 4 4 4 7 3 4 4 4 3 3 3 3 3 3 3 3 3 1 1 1 1 1 1 1 1 8 8 8 8 8 9 9 8 8 8 8 8 8 8 8 8 8 8 8 8 9 8 9 9 9 8 9 8 9 9 8 8 8 9 8 8 8 8 8 8 9 8 8 1 1 1 1 1 1 1 1 1 1 8 8 8 8 8 8 6 8 6 6 8 6 8 6 8 6 8 6 6 8 6 6 8 6 8 6 6 8 6 8 1 1 1 1 1 1 1 1 1 1 1 1 8 8 8 8 8 5 5 5 8 8 8 8 8 8 8 8 5 8 8 8 8 8 8 8 8 8 8 8 8 8 5 8 8 8 8 8 8 8 8 8 8 8 8 8 8 5 8 8 8 8 8 5 5 8 8 8 8 5 8 5 1 1 1 1
4 4 3 4 3 3 4 4 3 3 4 4 3 4 4 3 3 1 4 3 3 4 4 4 4 4 4 3 4 3 4 4 3 3 4 4 3 4 3 4 3 4 4 4 4 3 3 3 4 4 2 2 2 2 2 2 2 2 2 2 2 2 2 2 3 4 3 3 4 3 4 4 4 4 3 4 3 3 4 3 4 3 3 3 4 4 4 7 3 4 4 4 3 3 3 3 3 3 3 3 3 1 1 1 1 1 1 1 1 8 8 8 8 8 9 9 8 8 8 8 8 8 8 8 8 8 8 8 8 9 8 9 9 9 8 9 8 9 9 8 8 8 9 8 8 8 8 8 8 9 8 8 1 1 1 1 1 1 1 1 1 1 8 8 8 8 8 8 6 8 6 6 8 6 8 6 8 6 8 6 6 8 6 6 8 6 8 6 6 8 6 8 1 1 1 1 1 1 1 1 1 1 1 1 8 8 8 8 8 5 5 5 8 8 8 8 8 8 8 8 5 8 8 8 8 8 8 8 8 8 8 8 8 8 5 8 8 8 8 8 8 8 8 8 8 8 8 8 8 5 8 8 8 8 8 5 5 8 8 8 8 5 8 5 1 1 1 1
4 4 3 4 3 3 4 4 3 3 4 4 3 4 4 3 3 1 4 3 3 4 4 4 4 4 4 3 4 3 4 4 3 3 4 4 3 4 3 4 3 4 4 4 4 3 3 3 4 4 2 2 2 2 2 2 2 2 2 2 2 2 2 2 3 4 3 3 4 3 4 4 4 4 3 4 3 3 4 3 4 3 3 3 4 4 4 7 3 4 4 4 3 3 3 3 3 3 3 3 3 1 1 1 1 1 1 1 1 8 8 8 8 8 9 9 8 8 8 8 8 8 8 8 8 8 8 8 8 9 8 9 9 9 8 9 8 9 9 8 8 8 9 8 8 8 8 8 8 9 8 8 1 1 1 1 1 1 1 1 1 1 8 8 8 8 8 8 6 8 6 6 8 6 8 6 8 6 8 6 6 8 6 6 8 6 8 6 6 8 6 8 1 1 1 1 1 1 1 1 1 1 1 1 8 8 8 8 8 5 5 5 8 8 8 8 8 8 8 8 5 8 8 8 8 8 8 8 8 8 8 8 8 8 5 8 8 8 8 8 8 8 8 8 8 8 8 8 8 5 8 8 8 8 8 5 5 8 8 8 8 5 8 5 1 1 1 1
4 4 3 4 3 3 4 4 3 3 4 4 3 4 4 3 3 1 4 3 3 4 4 4 4 4 4 3 4 3 4 4 3 3 4 4 3 4 3 4 3 4 4 4 4 3 3 3 4 4 2 2 2 2 2 2 2 2 2 2 2 2 2 2 3 4 3 3 4 3 4 4 4 4 3 4 3 3 4 3 4 3 3 3 4 4 4 7 3 4 4 4 3 3 3 3 3 3 3 3 3 1 1 1 1 1 1 1 1 8 8 8 8 8 9 9 8 8 8 8 8 8 8 8 8 8 8 8 8 9 8 9 9 9 8 9 8 9 9 8 8 8 9 8 8 8 8 8 8 9 8 8 1 1 1 1 1 1 1 1 1 1 8 8 8 8 8 8 6 8 6 6 8 6 8 6 8 6 8 6 6 8 6 6 8 6 8 6 6 8 6 8 1 1 1 1 1 1 1 1 1 1 1 1 8 8 8 8 8 5 5 5 8 8 8 8 8 8 8 8 5 8 8 8 8 8 8 8 8 8 8 8 8 8 5 8 8 8 8 8 8 8 8 8 8 8 8 8 8 5 8 8 8 8 8 5 5 8 8 8 8 5 8 5 1 1 1 1
4 4 3 4 3 3 4 4 3 3 4 4 3 4 4 3 3 1 4 3 3 4 4 4 4 4 4 3 4 3 4 4 3 3 4 4 3 4 3 4 3 4 4 4 4 3 3 3 4 4 2 2 2 2 2 2 2 2 2 2 2 2 2 2 3 4 3 3 4 3 4 4 4 4 3 4 3 3 4 3 4 3 3 3 4 4 4 7 3 4 4 4 3 3 3 3 3 3 3 3 3 1 1 1 1 1 1 1 1 8 8 8 8 8 9 9 8 8 8 8 8 8 8 8 8 8 8 8 8 9 8 9 9 9 8 9 8 9 9 8 8 8 9 8 8 8 8 8 8 9 8 8 1 1 1 1 1 1 1 1 1 1 8 8 8 8 8 8 6 8 6 6 8 6 8 6 8 6 8 6 6 8 6 6 8 6 8 6 6 8 6 8 1 1 1 1 1 1 1 1 1 1 1 1 8 8 8 8 8 5 5 5 8 8 8 8 8 8 8 8 5 8 8 8 8 8 8 8 8 8 8 8 8 8 5 8 8 8 8 8 8 8 8 8 8 8 8 8 8 5 8 8 8 8 8 5 5 8 8 8 8 5 8 5 1 1 1 1
4 4 3 4 3 3 4 4 3 3 4 4 3 4 4 3 3 1 4 3 3 4 4 4 4 4 4 3 4 3 4 4 3 3 4 4 3 4 3 4 3 4 4 4 4 3 3 3 4 4 2 2 2 2 2 2 2 2 2 2 2 2 2 2 3 4 3 3 4 3 4 4 4 4 3 4 3 3 4 3 4 3 3 3 4 4 4 7 3 4 4 4 3 3 3 3 3 3 3 3 3 1 1 1 1 1 1 1 1 8 8 8 8 8 9 9 8 8 8 8 8 8 8 8 8 8 8 8 8 9 8 9 9 9 8 9 8 9 9 8 8 8 9 8 8 8 8 8 8 9 8 8 1 1 1 1 1 1 1 1 1 1 8 8 8 8 8 8 6 8 6 6 8 6 8 6 8 6 8 6 6 8 6 6 8 6 8 6 6 8 6 8 1 1 1 1 1 1 1 1 1 1 1 1 8 8 8 8 8 5 5 5 8 8 8 8 8 8 8 8 5 8 8 8 8 8 8 8 8 8 8 8 8 8 5 8 8 8 8 8 8 8 8 8 8 8 8 8 8 5 8 8 8 8 8 5 5 8 8 8 8 5 8 5 1 1 1 1
4 4 3 4 3 3 4 4 3 3 4 4 3 4 4 3 3 1 4 3 3 4 4 4 4 4 4 3 4 3 4 4 3 3 4 4 3 4 3 4 3 4 4 4 4 3 3 3 4 4 2 2 2 2 2 2 2 2 2 2 2 2 2 2 3 4 3 3 4 3 4 4 4 4 3 4 3 3 4 3 4 3 3 3 4 4 4 7 3 4 4 4 3 3 3 3 3 3 3 3 3 1 1 1 1 1 1 1 1 8 8 8 8 8 9 9 8 8 8 8 8 8 8 8 8 8 8 8 8 9 8 9 9 9 8 9 8 9 9 8 8 8 9 8 8 8 8 8 8 9 8 8 1 1 1 1 1 1 1 1 1 1 8 8 8 8 8 8 6 8 6 6 8 6 8 6 8 6 8 6 6 8 6 6 8 6 8 6 6 8 6 8 1 1 1 1 1 1 1 1 1 1 1 1 8 8 8 8 8 5 5 5 8 8 8 8 8 8 8 8 5 8 8 8 8 8 8 8 8 8 8 8 8 8 5 8 8 8 8 8 8 8 8 8 8 8 8 8 8 5 8 8 8 8 8 5 5 8 8 8 8 5 8 5 1 1 1 1
4 4 3 4 3 3 4 4 3 3 4 4 3 4 4 3 3 1 4 3 3 4 4 4 4 4 4 3 4 3 4 4 3 3 4 4 3 4 3 4 3 4 4 4 4 3 3 3 4 4 2 2 2 2 2 2 2 2 2 2 2 2 2 2 3 4 3 3 4 3 4 4 4 4 3 4 3 3 4 3 4 3 3 3 4 4 4 7 3 4 4 4 3 3 3 3 3 3 3 3 3 1 1 1 1 1 1 1 1 8 8 8 8 8 9 9 8 8 8 8 8 8 8 8 8 8 8 8 8 9 8 9 9 9 8 9 8 9 9 8 8 8 9 8 8 8 8 8 8 9 8 8 1 1 1 1 1 1 1 1 1 1 8 8 8 8 8 8 6 8 6 6 8 6 8 6 8 6 8 6 6 8 6 6 8 6 8 6 6 8 6 8 1 1 1 1 1 1 1 1 1 1 1 1 8 8 8 8 8 5 5 5 8 8 8 8 8 8 8 8 5 8 8 8 8 8 8 8 8 8 8 8 8 8 5 8 8 8 8 8 8 8 8 8 8 8 8 8 8 5 8 8 8 8 8 5 5 8 8 8 8 5 8 5 1 1 1 1
4 4 3 4 3 3 4 4 3 3 4 4 3 4 4 3 3 1 4 3 3 4 4 4 4 4 4 3 4 3 4 4 3 3 4 4 3 4 3 4 3 4 4 4 4 3 3 3 4 4 2 2 2 2 2 2 2 2 2 2 2 2 2 2 3 4 3 3 4 3 4 4 4 4 3 4 3 3 4 3 4 3 3 3 4 4 4 7 3 4 4 4 3 3 3 3 3 3 3 3 3 1 1 1 1 1 1 1 1 8 8 8 8 8 9 9 8 8 8 8 8 8 8 8 8 8 8 8 8 9 8 9 9 9 8 9 8 9 9 8 8 8 9 8 8 8 8 8 8 9 8 8 1 1 1 1 1 1 1 1 1 1 8 8 8 8 8 8 6 8 6 6 8 6 8 6 8 6 8 6 6 8 6 6 8 6 8 6 6 8 6 8 1 1 1 1 1 1 1 1 1 1 1 1 8 8 8 8 8 5 5 5 8 8 8 8 8 8 8 8 5 8 8 8 8 8 8 8 8 8 8 8 8 8 5 8 8 8 8 8 8 8 8 8 8 8 8 8 8 5 8 8 8 8 8 5 5 8 8 8 8 5 8 5 1 1 1 1
4 4 3 4 3 3 4 4 3 3 4 4 3 4 4 3 3 1 4 3 3 4 4 4 4 4 4 3 4 3 4 4 3 3 4 4 3 4 3 4 3 4 4 4 4 3 3 3 4 4 2 2 2 2 2 2 2 2 2 2 2 2 2 2 3 4 3 3 4 3 4 4 4 4 3 4 3 3 4 3 4 3 3 3 4 4 4 7 3 4 4 4 3 3 3 3 3 3 3 3 3 1 1 1 1 1 1 1 1 8 8 8 8 8 9 9 8 8 8 8 8 8 8 8 8 8 8 8 8 9 8 9 9 9 8 9 8 9 9 8 8 8 9 8 8 8 8 8 8 9 8 8 1 1 1 1 1 1 1 1 1 1 8 8 8 8 8 8 6 8 6 6 8 6 8 6 8 6 8 6 6 8 6 6 8 6 8 6 6 8 6 8 1 1 1 1 1 1 1 1 1 1 1 1 8 8 8 8 8 5 5 5 8 8 8 8 8 8 8 8 5 8 8 8 8 8 8 8 8 8 8 8 8 8 5 8 8 8 8 8 8 8 8 8 8 8 8 8 8 5 8 8 8 8 8 5 5 8 8 8 8 5 8 5 1 1 1 1
4 4 3 4 3 3 4 4 3 3 4 4 3 4 4 3 3 1 4 3 3 4 4 4 4 4 4 3 4 3 4 4 3 3 4 4 3 4 3 4 3 4 4 4 4 3 3 3 4 4 2 2 2 2 2 2 2 2 2 2 2 2 2 2 3 4 3 3 4 3 4 4 4 4 3 4 3 3 4 3 4 3 3 3 4 4 4 7 3 4 4 4 3 3 3 3 3 3 3 3 3 1 1 1 1 1 1 1 1 8 8 8 8 8 9 9 8 8 8 8 8 8 8 8 8 8 8 8 8 9 8 9 9 9 8 9 8 9 9 8 8 8 9 8 8 8 8 8 8 9 8 8 1 1 1 1 1 1 1 1 1 1 8 8 8 8 8 8 6 8 6 6 8 6 8 6 8 6 8 6 6 8 6 6 8 6 8 6 6 8 6 8 1 1 1 1 1 1 1 1 1 1 1 1 8 8 8 8 8 5 5 5 8 8 8 8 8 8 8 8 5 8 8 8 8 8 8 8 8 8 8 8 8 8 5 8 8 8 8 8 8 8 8 8 8 8 8 8 8 5 8 8 8 8 8 5 5 8 8 8 8 5 8 5 1 1 1 1
4 4 3 4 3 3 4 4 3 3 4 4 3 4 4 3 3 1 4 3 3 4 4 4 4 4 4 3 4 3 4 4 3 3 4 4 3 4 3 4 3 4 4 4 4 3 3 3 4 4 2 2 2 2 2 2 2 2 2 2 2 2 2 2 3 4 3 3 4 3 4 4 4 4 3 4 3 3 4 3 4 3 3 3 4 4 4 7 3 4 4 4 3 3 3 3 3 3 3 3 3 1 1 1 1 1 1 1 1 8 8 8 8 8 9 9 8 8 8 8 8 8 8 8 8 8 8 8 8 9 8 9 9 9 8 9 8 9 9 8 8 8 9 8 8 8 8 8 8 9 8 8 1 1 1 1 1 1 1 1 1 1 8 8 8 8 8 8 6 8 6 6 8 6 8 6 8 6 8 6 6 8 6 6 8 6 8 6 6 8 6 8 1 1 1 1 1 1 1 1 1 1 1 1 8 8 8 8 8 5 5 5 8 8 8 8 8 8 8 8 5 8 8 8 8 8 8 8 8 8 8 8 8 8 5 8 8 8 8 8 8 8 8 8 8 8 8 8 8 5 8 8 8 8 8 5 5 8 8 8 8 5 8 5 1 1 1 1
4 4 3 4 3 3 4 4 3 3 4 4 3 4 4 3 3 1 4 3 3 4 4 4 4 4 4 3 4 3 4 4 3 3 4 4 3 4 3 4 3 4 4 4 4 3 3 3 4 4 2 2 2 2 2 2 2 2 2 2 2 2 2 2 3 4 3 3 4 3 4 4 4 4 3 4 3 3 4 3 4 3 3 3 4 4 4 7 3 4 4 4 3 3 3 3 3 3 3 3 3 1 1 1 1 1 1 1 1 8 8 8 8 8 9 9 8 8 8 8 8 8 8 8 8 8 8 8 8 9 8 9 9 9 8 9 8 9 9 8 8 8 9 8 8 8 8 8 8 9 8 8 1 1 1 1 1 1 1 1 1 1 8 8 8 8 8 8 6 8 6 6 8 6 8 6 8 6 8 6 6 8 6 6 8 6 8 6 6 8 6 8 1 1 1 1 1 1 1 1 1 1 1 1 8 8 8 8 8 5 5 5 8 8 8 8 8 8 8 8 5 8 8 8 8 8 8 8 8 8 8 8 8 8 5 8 8 8 8 8 8 8 8 8 8 8 8 8 8 5 8 8 8 8 8 5 5 8 8 8 8 5 8 5 1 1 1 1
4 4 3 4 3 3 4 4 3 3 4 4 3 4 4 3 3 1 4 3 3 4 4 4 4 4 4 3 4 3 4 4 3 3 4 4 3 4 3 4 3 4 4 4 4 3 3 3 4 4 2 2 2 2 2 2 2 2 2 2 2 2 2 2 3 4 3 3 4 3 4 4 4 4 3 4 3 3 4 3 4 3 3 3 4 4 4 7 3 4 4 4 3 3 3 3 3 3 3 3 3 1 1 1 1 1 1 1 1 8 8 8 8 8 9 9 8 8 8 8 8 8 8 8 8 8 8 8 8 9 8 9 9 9 8 9 8 9 9 8 8 8 9 8 8 8 8 8 8 9 8 8 1 1 1 1 1 1 1 1 1 1 8 8 8 8 8 8 6 8 6 6 8 6 8 6 8 6 8 6 6 8 6 6 8 6 8 6 6 8 6 8 1 1 1 1 1 1 1 1 1 1 1 1 8 8 8 8 8 5 5 5 8 8 8 8 8 8 8 8 5 8 8 8 8 8 8 8 8 8 8 8 8 8 5 8 8 8 8 8 8 8 8 8 8 8 8 8 8 5 8 8 8 8 8 5 5 8 8 8 8 5 8 5 1 1 1 1
4 4 3 4 3 3 4 4 3 3 4 4 3 4 4 3 3 1 4 3 3 4 4 4 4 4 4 3 4 3 4 4 3 3 4 4 3 4 3 4 3 4 4 4 4 3 3 3 4 4 2 2 2 2 2 2 2 2 2 2 2 2 2 2 3 4 3 3 4 3 4 4 4 4 3 4 3 3 4 3 4 3 3 3 4 4 4 7 3 4 4 4 3 3 3 3 3 3 3 3 3 1 1 1 1 1 1 1 1 8 8 8 8 8 9 9 8 8 8 8 8 8 8 8 8 8 8 8 8 9 8 9 9 9 8 9 8 9 9 8 8 8 9 8 8 8 8 8 8 9 8 8 1 1 1 1 1 1 1 1 1 1 8 8 8 8 8 8 6 8 6 6 8 6 8 6 8 6 8 6 6 8 6 6 8 6 8 6 6 8 6 8 1 1 1 1 1 1 1 1 1 1 1 1 8 8 8 8 8 5 5 5 8 8 8 8 8 8 8 8 5 8 8 8 8 8 8 8 8 8 8 8 8 8 5 8 8 8 8 8 8 8 8 8 8 8 8 8 8 5 8 8 8 8 8 5 5 8 8 8 8 5 8 5 1 1 1 1
4 4 3 4 3 3 4 4 3 3 4 4 3 4 4 3 3 1 4 3 3 4 4 4 4 4 4 3 4 3 4 4 3 3 4 4 3 4 3 4 3 4 4 4 4 3 3 3 4 4 2 2 2 2 2 2 2 2 2 2 2 2 2 2 3 4 3 3 4 3 4 4 4 4 3 4 3 3 4 3 4 3 3 3 4 4 4 7 3 4 4 4 3 3 3 3 3 3 3 3 3 1 1 1 1 1 1 1 1 8 8 8 8 8 9 9 8 8 8 8 8 8 8 8 8 8 8 8 8 9 8 9 9 9 8 9 8 9 9 8 8 8 9 8 8 8 8 8 8 9 8 8 1 1 1 1 1 1 1 1 1 1 8 8 8 8 8 8 6 8 6 6 8 6 8 6 8 6 8 6 6 8 6 6 8 6 8 6 6 8 6 8 1 1 1 1 1 1 1 1 1 1 1 1 8 8 8 8 8 5 5 5 8 8 8 8 8 8 8 8 5 8 8 8 8 8 8 8 8 8 8 8 8 8 5 8 8 8 8 8 8 8 8 8 8 8 8 8 8 5 8 8 8 8 8 5 5 8 8 8 8 5 8 5 1 1 1 1
4 4 3 4 3 3 4 4 3 3 4 4 3 4 4 3 3 1 4 3 3 4 4 4 4 4 4 3 4 3 4 4 3 3 4 4 3 4 3 4 3 4 4 4 4 3 3 3 4 4 2 2 2 2 2 2 2 2 2 2 2 2 2 2 3 4 3 3 4 3 4 4 4 4 3 4 3 3 4 3 4 3 3 3 4 4 4 7 3 4 4 4 3 3 3 3 3 3 3 3 3 1 1 1 1 1 1 1 1 8 8 8 8 8 9 9 8 8 8 8 8 8 8 8 8 8 8 8 8 9 8 9 9 9 8 9 8 9 9 8 8 8 9 8 8 8 8 8 8 9 8 8 1 1 1 1 1 1 1 1 1 1 8 8 8 8 8 8 6 8 6 6 8 6 8 6 8 6 8 6 6 8 6 6 8 6 8 6 6 8 6 8 1 1 1 1 1 1 1 1 1 1 1 1 8 8 8 8 8 5 5 5 8 8 8 8 8 8 8 8 5 8 8 8 8 8 8 8 8 8 8 8 8 8 5 8 8 8 8 8 8 8 8 8 8 8 8 8 8 5 8 8 8 8 8 5 5 8 8 8 8 5 8 5 1 1 1 1
4 4 3 4 3 3 4 4 3 3 4 4 3 4 4 3 3 1 4 3 3 4 4 4 4 4 4 3 4 3 4 4 3 3 4 4 3 4 3 4 3 4 4 4 4 3 3 3 4 4 2 2 2 2 2 2 2 2 2 2 2 2 2 2 3 4 3 3 4 3 4 4 4 4 3 4 3 3 4 3 4 3 3 3 4 4 4 7 3 4 4 4 3 3 3 3 3 3 3 3 3 1 1 1 1 1 1 1 1 8 8 8 8 8 9 9 8 8 8 8 8 8 8 8 8 8 8 8 8 9 8 9 9 9 8 9 8 9 9 8 8 8 9 8 8 8 8 8 8 9 8 8 1 1 1 1 1 1 1 1 1 1 8 8 8 8 8 8 6 8 6 6 8 6 8 6 8 6 8 6 6 8 6 6 8 6 8 6 6 8 6 8 1 1 1 1 1 1 1 1 1 1 1 1 8 8 8 8 8 5 5 5 8 8 8 8 8 8 8 8 5 8 8 8 8 8 8 8 8 8 8 8 8 8 5 8 8 8 8 8 8 8 8 8 8 8 8 8 8 5 8 8 8 8 8 5 5 8 8 8 8 5 8 5 1 1 1 1
4 4 3 4 3 3 4 4 3 3 4 4 3 4 4 3 3 1 4 3 3 4 4 4 4 4 4 3 4 3 4 4 3 3 4 4 3 4 3 4 3 4 4 4 4 3 3 3 4 4 2 2 2 2 2 2 2 2 2 2 2 2 2 2 3 4 3 3 4 3 4 4 4 4 3 4 3 3 4 3 4 3 3 3 4 4 4 7 3 4 4 4 3 3 3 3 3 3 3 3 3 1 1 1 1 1 1 1 1 8 8 8 8 8 9 9 8 8 8 8 8 8 8 8 8 8 8 8 8 9 8 9 9 9 8 9 8 9 9 8 8 8 9 8 8 8 8 8 8 9 8 8 1 1 1 1 1 1 1 1 1 1 8 8 8 8 8 8 6 8 6 6 8 6 8 6 8 6 8 6 6 8 6 6 8 6 8 6 6 8 6 8 1 1 1 1 1 1 1 1 1 1 1 1 8 8 8 8 8 5 5 5 8 8 8 8 8 8 8 8 5 8 8 8 8 8 8 8 8 8 8 8 8 8 5 8 8 8 8 8 8 8 8 8 8 8 8 8 8 5 8 8 8 8 8 5 5 8 8 8 8 5 8 5 1 1 1 1
4 4 3 4 3 3 4 4 3 3 4 4 3 4 4 3 3 1 4 3 3 4 4 4 4 4 4 3 4 3 4 4 3 3 4 4 3 4 3 4 3 4 4 4 4 3 3 3 4 4 2 2 2 2 2 2 2 2 2 2 2 2 2 2 3 4 3 3 4 3 4 4 4 4 3 4 3 3 4 3 4 3 3 3 4 4 4 7 3 4 4 4 3 3 3 3 3 3 3 3 3 1 1 1 1 1 1 1 1 8 8 8 8 8 9 9 8 8 8 8 8 8 8 8 8 8 8 8 8 9 8 9 9 9 8 9 8 9 9 8 8 8 9 8 8 8 8 8 8 9 8 8 1 1 1 1 1 1 1 1 1 1 8 8 8 8 8 8 6 8 6 6 8 6 8 6 8 6 8 6 6 8 6 6 8 6 8 6 6 8 6 8 1 1 1 1 1 1 1 1 1 1 1 1 8 8 8 8 8 5 5 5 8 8 8 8 8 8 8 8 5 8 8 8 8 8 8 8 8 8 8 8 8 8 5 8 8 8 8 8 8 8 8 8 8 8 8 8 8 5 8 8 8 8 8 5 5 8 8 8 8 5 8 5 1 1 1 1
4 4 3 4 3 3 4 4 3 3 4 4 3 4 4 3 3 1 4 3 3 4 4 4 4 4 4 3 4 3 4 4 3 3 4 4 3 4 3 4 3 4 4 4 4 3 3 3 4 4 2 2 2 2 2 2 2 2 2 2 2 2 2 2 3 4 3 3 4 3 4 4 4 4 3 4 3 3 4 3 4 3 3 3 4 4 4 7 3 4 4 4 3 3 3 3 3 3 3 3 3 1 1 1 1 1 1 1 1 8 8 8 8 8 9 9 8 8 8 8 8 8 8 8 8 8 8 8 8 9 8 9 9 9 8 9 8 9 9 8 8 8 9 8 8 8 8 8 8 9 8 8 1 1 1 1 1 1 1 1 1 1 8 8 8 8 8 8 6 8 6 6 8 6 8 6 8 6 8 6 6 8 6 6 8 6 8 6 6 8 6 8 1 1 1 1 1 1 1 1 1 1 1 1 8 8 8 8 8 5 5 5 8 8 8 8 8 8 8 8 5 8 8 8 8 8 8 8 8 8 8 8 8 8 5 8 8 8 8 8 8 8 8 8 8 8 8 8 8 5 8 8 8 8 8 5 5 8 8 8 8 5 8 5 1 1 1 1
4 4 3 4 3 3 4 4 3 3 4 4 3 4 4 3 3 1 4 3 3 4 4 4 4 4 4 3 4 3 4 4 3 3 4 4 3 4 3 4 3 4 4 4 4 3 3 3 4 4 2 2 2 2 2 2 2 2 2 2 2 2 2 2 3 4 3 3 4 3 4 4 4 4 3 4 3 3 4 3 4 3 3 3 4 4 4 7 3 4 4 4 3 3 3 3 3 3 3 3 3 1 1 1 1 1 1 1 1 8 8 8 8 8 9 9 8 8 8 8 8 8 8 8 8 8 8 8 8 9 8 9 9 9 8 9 8 9 9 8 8 8 9 8 8 8 8 8 8 9 8 8 1 1 1 1 1 1 1 1 1 1 8 8 8 8 8 8 6 8 6 6 8 6 8 6 8 6 8 6 6 8 6 6 8 6 8 6 6 8 6 8 1 1 1 1 1 1 1 1 1 1 1 1 8 8 8 8 8 5 5 5 8 8 8 8 8 8 8 8 5 8 8 8 8 8 8 8 8 8 8 8 8 8 5 8 8 8 8 8 8 8 8 8 8 8 8 8 8 5 8 8 8 8 8 5 5 8 8 8 8 5 8 5 1 1 1 1
4 4 3 4 3 3 4 4 3 3 4 4 3 4 4 3 3 1 4 3 3 4 4 4 4 4 4 3 4 3 4 4 3 3 4 4 3 4 3 4 3 4 4 4 4 3 3 3 4 4 2 2 2 2 2 2 2 2 2 2 2 2 2 2 3 4 3 3 4 3 4 4 4 4 3 4 3 3 4 3 4 3 3 3 4 4 4 7 3 4 4 4 3 3 3 3 3 3 3 3 3 1 1 1 1 1 1 1 1 8 8 8 8 8 9 9 8 8 8 8 8 8 8 8 8 8 8 8 8 9 8 9 9 9 8 9 8 9 9 8 8 8 9 8 8 8 8 8 8 9 8 8 1 1 1 1 1 1 1 1 1 1 8 8 8 8 8 8 6 8 6 6 8 6 8 6 8 6 8 6 6 8 6 6 8 6 8 6 6 8 6 8 1 1 1 1 1 1 1 1 1 1 1 1 8 8 8 8 8 5 5 5 8 8 8 8 8 8 8 8 5 8 8 8 8 8 8 8 8 8 8 8 8 8 5 8 8 8 8 8 8 8 8 8 8 8 8 8 8 5 8 8 8 8 8 5 5 8 8 8 8 5 8 5 1 1 1 1
4 4 3 4 3 3 4 4 3 3 4 4 3 4 4 3 3 1 4 3 3 4 4 4 4 4 4 3 4 3 4 4 3 3 4 4 3 4 3 4 3 4 4 4 4 3 3 3 4 4 2 2 2 2 2 2 2 2 2 2 2 2 2 2 3 4 3 3 4 3 4 4 4 4 3 4 3 3 4 3 4 3 3 3 4 4 4 7 3 4 4 4 3 3 3 3 3 3 3 3 3 1 1 1 1 1 1 1 1 8 8 8 8 8 9 9 8 8 8 8 8 8 8 8 8 8 8 8 8 9 8 9 9 9 8 9 8 9 9 8 8 8 9 8 8 8 8 8 8 9 8 8 1 1 1 1 1 1 1 1 1 1 8 8 8 8 8 8 6 8 6 6 8 6 8 6 8 6 8 6 6 8 6 6 8 6 8 6 6 8 6 8 1 1 1 1 1 1 1 1 1 1 1 1 8 8 8 8 8 5 5 5 8 8 8 8 8 8 8 8 5 8 8 8 8 8 8 8 8 8 8 8 8 8 5 8 8 8 8 8 8 8 8 8 8 8 8 8 8 5 8 8 8 8 8 5 5 8 8 8 8 5 8 5 1 1 1 1
4 4 3 4 3 3 4 4 3 3 4 4 3 4 4 3 3 1 4 3 3 4 4 4 4 4 4 3 4 3 4 4 3 3 4 4 3 4 3 4 3 4 4 4 4 3 3 3 4 4 2 2 2 2 2 2 2 2 2 2 2 2 2 2 3 4 3 3 4 3 4 4 4 4 3 4 3 3 4 3 4 3 3 3 4 4 4 7 3 4 4 4 3 3 3 3 3 3 3 3 3 1 1 1 1 1 1 1 1 8 8 8 8 8 9 9 8 8 8 8 8 8 8 8 8 8 8 8 8 9 8 9 9 9 8 9 8 9 9 8 8 8 9 8 8 8 8 8 8 9 8 8 1 1 1 1 1 1 1 1 1 1 8 8 8 8 8 8 6 8 6 6 8 6 8 6 8 6 8 6 6 8 6 6 8 6 8 6 6 8 6 8 1 1 1 1 1 1 1 1 1 1 1 1 8 8 8 8 8 5 5 5 8 8 8 8 8 8 8 8 5 8 8 8 8 8 8 8 8 8 8 8 8 8 5 8 8 8 8 8 8 8 8 8 8 8 8 8 8 5 8 8 8 8 8 5 5 8 8 8 8 5 8 5 1 1 1 1
4 4 3 4 3 3 4 4 3 3 4 4 3 4 4 3 3 1 4 3 3 4 4 4 4 4 4 3 4 3 4 4 3 3 4 4 3 4 3 4 3 4 4 4 4 3 3 3 4 4 2 2 2 2 2 2 2 2 2 2 2 2 2 2 3 4 3 3 4 3 4 4 4 4 3 4 3 3 4 3 4 3 3 3 4 4 4 7 3 4 4 4 3 3 3 3 3 3 3 3 3 1 1 1 1 1 1 1 1 8 8 8 8 8 9 9 8 8 8 8 8 8 8 8 8 8 8 8 8 9 8 9 9 9 8 9 8 9 9 8 8 8 9 8 8 8 8 8 8 9 8 8 1 1 1 1 1 1 1 1 1 1 8 8 8 8 8 8 6 8 6 6 8 6 8 6 8 6 8 6 6 8 6 6 8 6 8 6 6 8 6 8 1 1 1 1 1 1 1 1 1 1 1 1 8 8 8 8 8 5 5 5 8 8 8 8 8 8 8 8 5 8 8 8 8 8 8 8 8 8 8 8 8 8 5 8 8 8 8 8 8 8 8 8 8 8 8 8 8 5 8 8 8 8 8 5 5 8 8 8 8 5 8 5 1 1 1 1
4 4 3 4 3 3 4 4 3 3 4 4 3 4 4 3 3 1 4 3 3 4 4 4 4 4 4 3 4 3 4 4 3 3 4 4 3 4 3 4 3 4 4 4 4 3 3 3 4 4 2 2 2 2 2 2 2 2 2 2 2 2 2 2 3 4 3 3 4 3 4 4 4 4 3 4 3 3 4 3 4 3 3 3 4 4 4 7 3 4 4 4 3 3 3 3 3 3 3 3 3 1 1 1 1 1 1 1 1 8 8 8 8 8 9 9 8 8 8 8 8 8 8 8 8 8 8 8 8 9 8 9 9 9 8 9 8 9 9 8 8 8 9 8 8 8 8 8 8 9 8 8 1 1 1 1 1 1 1 1 1 1 8 8 8 8 8 8 6 8 6 6 8 6 8 6 8 6 8 6 6 8 6 6 8 6 8 6 6 8 6 8 1 1 1 1 1 1 1 1 1 1 1 1 8 8 8 8 8 5 5 5 8 8 8 8 8 8 8 8 5 8 8 8 8 8 8 8 8 8 8 8 8 8 5 8 8 8 8 8 8 8 8 8 8 8 8 8 8 5 8 8 8 8 8 5 5 8 8 8 8 5 8 5 1 1 1 1
4 4 3 4 3 3 4 4 3 3 4 4 3 4 4 3 3 1 4 3 3 4 4 4 4 4 4 3 4 3 4 4 3 3 4 4 3 4 3 4 3 4 4 4 4 3 3 3 4 4 2 2 2 2 2 2 2 2 2 2 2 2 2 2 3 4 3 3 4 3 4 4 4 4 3 4 3 3 4 3 4 3 3 3 4 4 4 7 3 4 4 4 3 3 3 3 3 3 3 3 3 1 1 1 1 1 1 1 1 8 8 8 8 8 9 9 8 8 8 8 8 8 8 8 8 8 8 8 8 9 8 9 9 9 8 9 8 9 9 8 8 8 9 8 8 8 8 8 8 9 8 8 1 1 1 1 1 1 1 1 1 1 8 8 8 8 8 8 6 8 6 6 8 6 8 6 8 6 8 6 6 8 6 6 8 6 8 6 6 8 6 8 1 1 1 1 1 1 1 1 1 1 1 1 8 8 8 8 8 5 5 5 8 8 8 8 8 8 8 8 5 8 8 8 8 8 8 8 8 8 8 8 8 8 5 8 8 8 8 8 8 8 8 8 8 8 8 8 8 5 8 8 8 8 8 5 5 8 8 8 8 5 8 5 1 1 1 1
4 4 3 4 3 3 4 4 3 3 4 4 3 4 4 3 3 1 4 3 3 4 4 4 4 4 4 3 4 3 4 4 3 3 4 4 3 4 3 4 3 4 4 4 4 3 3 3 4 4 2 2 2 2 2 2 2 2 2 2 2 2 2 2 3 4 3 3 4 3 4 4 4 4 3 4 3 3 4 3 4 3 3 3 4 4 4 7 3 4 4 4 3 3 3 3 3 3 3 3 3 1 1 1 1 1 1 1 1 8 8 8 8 8 9 9 8 8 8 8 8 8 8 8 8 8 8 8 8 9 8 9 9 9 8 9 8 9 9 8 8 8 9 8 8 8 8 8 8 9 8 8 1 1 1 1 1 1 1 1 1 1 8 8 8 8 8 8 6 8 6 6 8 6 8 6 8 6 8 6 6 8 6 6 8 6 8 6 6 8 6 8 1 1 1 1 1 1 1 1 1 1 1 1 8 8 8 8 8 5 5 5 8 8 8 8 8 8 8 8 5 8 8 8 8 8 8 8 8 8 8 8 8 8 5 8 8 8 8 8 8 8 8 8 8 8 8 8 8 5 8 8 8 8 8 5 5 8 8 8 8 5 8 5 1 1 1 1
4 4 3 4 3 3 4 4 3 3 4 4 3 4 4 3 3 1 4 3 3 4 4 4 4 4 4 3 4 3 4 4 3 3 4 4 3 4 3 4 3 4 4 4 4 3 3 3 4 4 2 2 2 2 2 2 2 2 2 2 2 2 2 2 3 4 3 3 4 3 4 4 4 4 3 4 3 3 4 3 4 3 3 3 4 4 4 7 3 4 4 4 3 3 3 3 3 3 3 3 3 1 1 1 1 1 1 1 1 8 8 8 8 8 9 9 8 8 8 8 8 8 8 8 8 8 8 8 8 9 8 9 9 9 8 9 8 9 9 8 8 8 9 8 8 8 8 8 8 9 8 8 1 1 1 1 1 1 1 1 1 1 8 8 8 8 8 8 6 8 6 6 8 6 8 6 8 6 8 6 6 8 6 6 8 6 8 6 6 8 6 8 1 1 1 1 1 1 1 1 1 1 1 1 8 8 8 8 8 5 5 5 8 8 8 8 8 8 8 8 5 8 8 8 8 8 8 8 8 8 8 8 8 8 5 8 8 8 8 8 8 8 8 8 8 8 8 8 8 5 8 8 8 8 8 5 5 8 8 8 8 5 8 5 1 1 1 1
4 4 3 4 3 3 4 4 3 3 4 4 3 4 4 3 3 1 4 3 3 4 4 4 4 4 4 3 4 3 4 4 3 3 4 4 3 4 3 4 3 4 4 4 4 3 3 3 4 4 2 2 2 2 2 2 2 2 2 2 2 2 2 2 3 4 3 3 4 3 4 4 4 4 3 4 3 3 4 3 4 3 3 3 4 4 4 7 3 4 4 4 3 3 3 3 3 3 3 3 3 1 1 1 1 1 1 1 1 8 8 8 8 8 9 9 8 8 8 8 8 8 8 8 8 8 8 8 8 9 8 9 9 9 8 9 8 9 9 8 8 8 9 8 8 8 8 8 8 9 8 8 1 1 1 1 1 1 1 1 1 1 8 8 8 8 8 8 6 8 6 6 8 6 8 6 8 6 8 6 6 8 6 6 8 6 8 6 6 8 6 8 1 1 1 1 1 1 1 1 1 1 1 1 8 8 8 8 8 5 5 5 8 8 8 8 8 8 8 8 5 8 8 8 8 8 8 8 8 8 8 8 8 8 5 8 8 8 8 8 8 8 8 8 8 8 8 8 8 5 8 8 8 8 8 5 5 8 8 8 8 5 8 5 1 1 1 1
4 4 3 4 3 3 4 4 3 3 4 4 3 4 4 3 3 1 4 3 3 4 4 4 4 4 4 3 4 3 4 4 3 3 4 4 3 4 3 4 3 4 4 4 4 3 3 3 4 4 2 2 2 2 2 2 2 2 2 2 2 2 2 2 3 4 3 3 4 3 4 4 4 4 3 4 3 3 4 3 4 3 3 3 4 4 4 7 3 4 4 4 3 3 3 3 3 3 3 3 3 1 1 1 1 1 1 1 1 8 8 8 8 8 9 9 8 8 8 8 8 8 8 8 8 8 8 8 8 9 8 9 9 9 8 9 8 9 9 8 8 8 9 8 8 8 8 8 8 9 8 8 1 1 1 1 1 1 1 1 1 1 8 8 8 8 8 8 6 8 6 6 8 6 8 6 8 6 8 6 6 8 6 6 8 6 8 6 6 8 6 8 1 1 1 1 1 1 1 1 1 1 1 1 8 8 8 8 8 5 5 5 8 8 8 8 8 8 8 8 5 8 8 8 8 8 8 8 8 8 8 8 8 8 5 8 8 8 8 8 8 8 8 8 8 8 8 8 8 5 8 8 8 8 8 5 5 8 8 8 8 5 8 5 1 1 1 1
4 4 3 4 3 3 4 4 3 3 4 4 3 4 4 3 3 1 4 3 3 4 4 4 4 4 4 3 4 3 4 4 3 3 4 4 3 4 3 4 3 4 4 4 4 3 3 3 4 4 2 2 2 2 2 2 2 2 2 2 2 2 2 2 3 4 3 3 4 3 4 4 4 4 3 4 3 3 4 3 4 3 3 3 4 4 4 7 3 4 4 4 3 3 3 3 3 3 3 3 3 1 1 1 1 1 1 1 1 8 8 8 8 8 9 9 8 8 8 8 8 8 8 8 8 8 8 8 8 9 8 9 9 9 8 9 8 9 9 8 8 8 9 8 8 8 8 8 8 9 8 8 1 1 1 1 1 1 1 1 1 1 8 8 8 8 8 8 6 8 6 6 8 6 8 6 8 6 8 6 6 8 6 6 8 6 8 6 6 8 6 8 1 1 1 1 1 1 1 1 1 1 1 1 8 8 8 8 8 5 5 5 8 8 8 8 8 8 8 8 5 8 8 8 8 8 8 8 8 8 8 8 8 8 5 8 8 8 8 8 8 8 8 8 8 8 8 8 8 5 8 8 8 8 8 5 5 8 8 8 8 5 8 5 1 1 1 1
4 4 3 4 3 3 4 4 3 3 4 4 3 4 4 3 3 1 4 3 3 4 4 4 4 4 4 3 4 3 4 4 3 3 4 4 3 4 3 4 3 4 4 4 4 3 3 3 4 4 2 2 2 2 2 2 2 2 2 2 2 2 2 2 3 4 3 3 4 3 4 4 4 4 3 4 3 3 4 3 4 3 3 3 4 4 4 7 3 4 4 4 3 3 3 3 3 3 3 3 3 1 1 1 1 1 1 1 1 8 8 8 8 8 9 9 8 8 8 8 8 8 8 8 8 8 8 8 8 9 8 9 9 9 8 9 8 9 9 8 8 8 9 8 8 8 8 8 8 9 8 8 1 1 1 1 1 1 1 1 1 1 8 8 8 8 8 8 6 8 6 6 8 6 8 6 8 6 8 6 6 8 6 6 8 6 8 6 6 8 6 8 1 1 1 1 1 1 1 1 1 1 1 1 8 8 8 8 8 5 5 5 8 8 8 8 8 8 8 8 5 8 8 8 8 8 8 8 8 8 8 8 8 8 5 8 8 8 8 8 8 8 8 8 8 8 8 8 8 5 8 8 8 8 8 5 5 8 8 8 8 5 8 5 1 1 1 1
4 4 3 4 3 3 4 4 3 3 4 4 3 4 4 3 3 1 4 3 3 4 4 4 4 4 4 3 4 3 4 4 3 3 4 4 3 4 3 4 3 4 4 4 4 3 3 3 4 4 2 2 2 2 2 2 2 2 2 2 2 2 2 2 3 4 3 3 4 3 4 4 4 4 3 4 3 3 4 3 4 3 3 3 4 4 4 7 3 4 4 4 3 3 3 3 3 3 3 3 3 1 1 1 1 1 1 1 1 8 8 8 8 8 9 9 8 8 8 8 8 8 8 8 8 8 8 8 8 9 8 9 9 9 8 9 8 9 9 8 8 8 9 8 8 8 8 8 8 9 8 8 1 1 1 1 1 1 1 1 1 1 8 8 8 8 8 8 6 8 6 6 8 6 8 6 8 6 8 6 6 8 6 6 8 6 8 6 6 8 6 8 1 1 1 1 1 1 1 1 1 1 1 1 8 8 8 8 8 5 5 5 8 8 8 8 8 8 8 8 5 8 8 8 8 8 8 8 8 8 8 8 8 8 5 8 8 8 8 8 8 8 8 8 8 8 8 8 8 5 8 8 8 8 8 5 5 8 8 8 8 5 8 5 1 1 1 1
4 4 3 4 3 3 4 4 3 3 4 4 3 4 4 3 3 1 4 3 3 4 4 4 4 4 4 3 4 3 4 4 3 3 4 4 3 4 3 4 3 4 4 4 4 3 3 3 4 4 2 2 2 2 2 2 2 2 2 2 2 2 2 2 3 4 3 3 4 3 4 4 4 4 3 4 3 3 4 3 4 3 3 3 4 4 4 7 3 4 4 4 3 3 3 3 3 3 3 3 3 1 1 1 1 1 1 1 1 8 8 8 8 8 9 9 8 8 8 8 8 8 8 8 8 8 8 8 8 9 8 9 9 9 8 9 8 9 9 8 8 8 9 8 8 8 8 8 8 9 8 8 1 1 1 1 1 1 1 1 1 1 8 8 8 8 8 8 6 8 6 6 8 6 8 6 8 6 8 6 6 8 6 6 8 6 8 6 6 8 6 8 1 1 1 1 1 1 1 1 1 1 1 1 8 8 8 8 8 5 5 5 8 8 8 8 8 8 8 8 5 8 8 8 8 8 8 8 8 8 8 8 8 8 5 8 8 8 8 8 8 8 8 8 8 8 8 8 8 5 8 8 8 8 8 5 5 8 8 8 8 5 8 5 1 1 1 1
4 4 3 4 3 3 4 4 3 3 4 4 3 4 4 3 3 1 4 3 3 4 4 4 4 4 4 3 4 3 4 4 3 3 4 4 3 4 3 4 3 4 4 4 4 3 3 3 4 4 2 2 2 2 2 2 2 2 2 2 2 2 2 2 3 4 3 3 4 3 4 4 4 4 3 4 3 3 4 3 4 3 3 3 4 4 4 7 3 4 4 4 3 3 3 3 3 3 3 3 3 1 1 1 1 1 1 1 1 8 8 8 8 8 9 9 8 8 8 8 8 8 8 8 8 8 8 8 8 9 8 9 9 9 8 9 8 9 9 8 8 8 9 8 8 8 8 8 8 9 8 8 1 1 1 1 1 1 1 1 1 1 8 8 8 8 8 8 6 8 6 6 8 6 8 6 8 6 8 6 6 8 6 6 8 6 8 6 6 8 6 8 1 1 1 1 1 1 1 1 1 1 1 1 8 8 8 8 8 5 5 5 8 8 8 8 8 8 8 8 5 8 8 8 8 8 8 8 8 8 8 8 8 8 5 8 8 8 8 8 8 8 8 8 8 8 8 8 8 5 8 8 8 8 8 5 5 8 8 8 8 5 8 5 1 1 1 1
4 4 3 4 3 3 4 4 3 3 4 4 3 4 4 3 3 1 4 3 3 4 4 4 4 4 4 3 4 3 4 4 3 3 4 4 3 4 3 4 3 4 4 4 4 3 3 3 4 4 2 2 2 2 2 2 2 2 2 2 2 2 2 2 3 4 3 3 4 3 4 4 4 4 3 4 3 3 4 3 4 3 3 3 4 4 4 7 3 4 4 4 3 3 3 3 3 3 3 3 3 1 1 1 1 1 1 1 1 8 8 8 8 8 9 9 8 8 8 8 8 8 8 8 8 8 8 8 8 9 8 9 9 9 8 9 8 9 9 8 8 8 9 8 8 8 8 8 8 9 8 8 1 1 1 1 1 1 1 1 1 1 8 8 8 8 8 8 6 8 6 6 8 6 8 6 8 6 8 6 6 8 6 6 8 6 8 6 6 8 6 8 1 1 1 1 1 1 1 1 1 1 1 1 8 8 8 8 8 5 5 5 8 8 8 8 8 8 8 8 5 8 8 8 8 8 8 8 8 8 8 8 8 8 5 8 8 8 8 8 8 8 8 8 8 8 8 8 8 5 8 8 8 8 8 5 5 8 8 8 8 5 8 5 1 1 1 1
4 4 3 4 3 3 4 4 3 3 4 4 3 4 4 3 3 1 4 3 3 4 4 4 4 4 4 3 4 3 4 4 3 3 4 4 3 4 3 4 3 4 4 4 4 3 3 3 4 4 2 2 2 2 2 2 2 2 2 2 2 2 2 2 3 4 3 3 4 3 4 4 4 4 3 4 3 3 4 3 4 3 3 3 4 4 4 7 3 4 4 4 3 3 3 3 3 3 3 3 3 1 1 1 1 1 1 1 1 8 8 8 8 8 9 9 8 8 8 8 8 8 8 8 8 8 8 8 8 9 8 9 9 9 8 9 8 9 9 8 8 8 9 8 8 8 8 8 8 9 8 8 1 1 1 1 1 1 1 1 1 1 8 8 8 8 8 8 6 8 6 6 8 6 8 6 8 6 8 6 6 8 6 6 8 6 8 6 6 8 6 8 1 1 1 1 1 1 1 1 1 1 1 1 8 8 8 8 8 5 5 5 8 8 8 8 8 8 8 8 5 8 8 8 8 8 8 8 8 8 8 8 8 8 5 8 8 8 8 8 8 8 8 8 8 8 8 8 8 5 8 8 8 8 8 5 5 8 8 8 8 5 8 5 1 1 1 1
